filepath,category,snr,start_time,end_time,transcription,avg_logprob,lexical_validity,perplexity,silero_speech_prob,whisper_no_speech_prob
/home/marlow/Documents/GCS_Speech_Thesis/data/test_set/gcs_2/23-Audio 1.wav,gcs_2,,0.672,1.376,... und ...,-2.297386725743612,1.0,210.98611450195312,0.021023736470273103,0.5098669528961182
/home/marlow/Documents/GCS_Speech_Thesis/data/test_set/gcs_2/1-30709-C-23.wav,gcs_2,,0.0,5.0,...,-1.6646171808242798,0.0,,0.010888628364847617,0.5868309140205383
/home/marlow/Documents/GCS_Speech_Thesis/data/test_set/gcs_2/04-Audio 1.wav,gcs_2,,0.064,0.928,... ähm...,-1.178365843636649,0.0,150.87503051757812,0.0022962194634601474,0.39492687582969666
/home/marlow/Documents/GCS_Speech_Thesis/data/test_set/gcs_2/04-Audio 1.wav,gcs_2,,1.056,1.952,"Ne, ne, ne.",-1.0943400065104167,0.0,19.090545654296875,0.0012425361720878364,0.5142397880554199
/home/marlow/Documents/GCS_Speech_Thesis/data/test_set/gcs_2/04-Audio 1.wav,gcs_2,,2.88,3.68,... und ...,-1.489471395810445,1.0,210.98611450195312,0.000355640972557012,0.5915095806121826
/home/marlow/Documents/GCS_Speech_Thesis/data/test_set/gcs_2/1-36393-A-23.wav,gcs_2,,0.48,1.12,Das ist nicht so.,-1.5560177564620972,1.0,17.12799835205078,0.001528956809488591,0.533610999584198
/home/marlow/Documents/GCS_Speech_Thesis/data/test_set/gcs_2/3-132601-A-24.wav,gcs_2,,0.128,0.544,...,-1.3768519163131714,0.0,,0.019146799321438614,0.5709725618362427
/home/marlow/Documents/GCS_Speech_Thesis/data/test_set/gcs_2/3-132601-A-24.wav,gcs_2,,0.576,1.024,...,-1.3481777608394623,0.0,,0.002963187131432018,0.5893696546554565
/home/marlow/Documents/GCS_Speech_Thesis/data/test_set/gcs_2/2-98392-A-23.wav,gcs_2,,0.0,2.336,...,-1.4757117927074432,0.0,,0.00036501424221868336,0.5322293043136597
/home/marlow/Documents/GCS_Speech_Thesis/data/test_set/gcs_2/5-234335-A-23.wav,gcs_2,,0.256,0.736,... und ...,-1.3539076935161243,1.0,210.98611450195312,2.9774565033828062e-05,0.5508179664611816
/home/marlow/Documents/GCS_Speech_Thesis/data/test_set/gcs_2/18-Audio 1.wav,gcs_2,,0.064,1.28,Hmmmmmmmmmmmmmmmmmmmm,-1.5984499624797277,0.0,5.454021453857422,0.0001644970007682308,0.4741111993789673
/home/marlow/Documents/GCS_Speech_Thesis/data/test_set/gcs_2/18-Audio 1.wav,gcs_2,,1.632,2.528,"Ja, ja.",-1.2880435671125139,1.0,5.293044567108154,0.0026814184831372196,0.5355823636054993
/home/marlow/Documents/GCS_Speech_Thesis/data/test_set/gcs_2/0003.wav,gcs_2,,0.672,1.152,Abbi.,-1.4913076162338257,0.0,1141.7713623046875,0.01613324917228359,0.3713012933731079
/home/marlow/Documents/GCS_Speech_Thesis/data/test_set/gcs_2/0003.wav,gcs_2,,1.376,1.92,Ablieh.,-1.0030138492584229,0.0,446.737060546875,0.07686953505446367,0.1638716757297516
/home/marlow/Documents/GCS_Speech_Thesis/data/test_set/gcs_2/0003.wav,gcs_2,,2.144,2.912,Ab hier.,-0.9767778714497884,1.0,247.89405822753906,0.14664161443943158,0.25187036395072937
/home/marlow/Documents/GCS_Speech_Thesis/data/test_set/gcs_2/0003.wav,gcs_2,,3.2,3.744,... und ...,-1.6339964667956035,1.0,210.98611450195312,0.19112946662832708,0.38132163882255554
/home/marlow/Documents/GCS_Speech_Thesis/data/test_set/gcs_2/0003.wav,gcs_2,,3.936,4.384,Okay.,-1.076319694519043,1.0,2.8701114654541016,0.18536012965653623,0.3838423788547516
/home/marlow/Documents/GCS_Speech_Thesis/data/test_set/gcs_2/0003.wav,gcs_2,,4.64,5.152,Api.,-1.5115998188654582,0.0,365.9585876464844,0.297733326908201,0.26157209277153015
/home/marlow/Documents/GCS_Speech_Thesis/data/test_set/gcs_2/0003.wav,gcs_2,,5.472,5.888,Appi.,-1.3349292675654094,0.0,42.47502136230469,0.31605546520306516,0.27676084637641907
/home/marlow/Documents/GCS_Speech_Thesis/data/test_set/gcs_2/0003.wav,gcs_2,,6.08,6.624,Apie.,-1.4408445358276367,0.0,75.2199478149414,0.35420283105443506,0.3119155466556549
/home/marlow/Documents/GCS_Speech_Thesis/data/test_set/gcs_2/12-Audio 1.wav,gcs_2,,0.672,1.536,Hmmmmmmmmmmm,-1.1976039707660675,0.0,13.111167907714844,0.08900632416070611,0.5468389987945557
/home/marlow/Documents/GCS_Speech_Thesis/data/test_set/gcs_2/2-66205-A-23.wav,gcs_2,,0.0,1.376,Da...,-1.225369358062744,1.0,298.0024108886719,0.00999209571218248,0.5899969935417175
/home/marlow/Documents/GCS_Speech_Thesis/data/test_set/gcs_2/0005.wav,gcs_2,,0.48,1.728,Oh!,-1.1150522232055664,1.0,21.72629737854004,0.09914880697555745,0.19283172488212585
/home/marlow/Documents/GCS_Speech_Thesis/data/test_set/gcs_2/0005.wav,gcs_2,,3.04,3.488,Oh!,-1.1597650527954102,1.0,21.72629737854004,0.10686250190649714,0.3037742078304291
/home/marlow/Documents/GCS_Speech_Thesis/data/test_set/gcs_2/1-30709-A-23.wav,gcs_2,,0.032,3.04,Ahhhh,-1.1810194969177246,0.0,116.37012481689453,0.014506909036463959,0.5351258516311646
/home/marlow/Documents/GCS_Speech_Thesis/data/test_set/gcs_2/1-30709-A-23.wav,gcs_2,,3.136,5.0,Ahhhh,-0.9930418014526368,0.0,116.37012481689453,0.003193493267537047,0.561360239982605
/home/marlow/Documents/GCS_Speech_Thesis/data/test_set/gcs_2/20-Audio 1.wav,gcs_2,,2.592,2.88,... und ...,-1.456016997496287,1.0,210.98611450195312,0.002804009958506665,0.5914910435676575
/home/marlow/Documents/GCS_Speech_Thesis/data/test_set/gcs_2/2-54962-A-23.wav,gcs_2,,0.032,2.56,...,-1.3204152882099152,0.0,,0.00019836760514443063,0.4985508620738983
/home/marlow/Documents/GCS_Speech_Thesis/data/test_set/gcs_3/gcs3_salad_53.wav,gcs_3,,0.128,0.96,Taxi auf...,-0.6677526916776385,0.5,429.9201965332031,0.2965612264300804,0.4373840093612671
/home/marlow/Documents/GCS_Speech_Thesis/data/test_set/gcs_3/gcs3_salad_53.wav,gcs_3,,0.992,3.616,Sie in Erwidern resultieren Brückeparty.,-0.6956229933670589,0.8,2257.699462890625,0.862234899183599,0.0027293504681438208
/home/marlow/Documents/GCS_Speech_Thesis/data/test_set/gcs_3/gcs3_salad_92.wav,gcs_3,,0.064,2.944,mitten Position dienen Tafel Einheit.,-0.3622517117432186,0.6,22617.619140625,0.9224453702569008,0.002755330875515938
/home/marlow/Documents/GCS_Speech_Thesis/data/test_set/gcs_3/gcs3_salad_134.wav,gcs_3,,0.16,2.048,Konferenz stoppen ursprünglich.,-0.2750970675395085,0.6666666666666666,10425.3349609375,0.9541799264439081,0.10125419497489929
/home/marlow/Documents/GCS_Speech_Thesis/data/test_set/gcs_3/gcs3_salad_134.wav,gcs_3,,2.08,2.432,Dank.,-0.7657068252563477,1.0,105.08784484863281,0.980750479481437,0.08997654914855957
/home/marlow/Documents/GCS_Speech_Thesis/data/test_set/gcs_3/gcs3_salad_142.wav,gcs_3,,0.128,3.68,"Anwesend, Wahlkampf, Schwäche, Grabnamen anhören.",-0.3732096865063622,0.6,1294.869140625,0.9788925803459443,0.004002248868346214
/home/marlow/Documents/GCS_Speech_Thesis/data/test_set/gcs_3/gcs3_salad_61.wav,gcs_3,,0.096,1.472,ursprung verbindlich,-0.42560407850477433,0.5,101685.421875,0.970853310684825,0.0005384854157455266
/home/marlow/Documents/GCS_Speech_Thesis/data/test_set/gcs_3/gcs3_salad_61.wav,gcs_3,,1.504,1.76,geht,-1.7484925389289856,1.0,,0.9911166206002235,0.5088710784912109
/home/marlow/Documents/GCS_Speech_Thesis/data/test_set/gcs_3/gcs3_salad_61.wav,gcs_3,,1.824,3.68,"Tourismus, Strömung, Herrschaft.",-0.5056992310744065,0.0,317.8842468261719,0.9496241915842583,0.37350156903266907
/home/marlow/Documents/GCS_Speech_Thesis/data/test_set/gcs_3/gcs3_salad_46.wav,gcs_3,,0.128,0.864,Herreinget.,-0.885395348072052,0.0,2150.88671875,0.9865019036375958,0.04529561102390289
/home/marlow/Documents/GCS_Speech_Thesis/data/test_set/gcs_3/gcs3_salad_46.wav,gcs_3,,0.896,1.216,Sieht.,-1.0718515515327454,1.0,70.27912139892578,0.9981971621513367,0.5678675174713135
/home/marlow/Documents/GCS_Speech_Thesis/data/test_set/gcs_3/gcs3_salad_46.wav,gcs_3,,1.28,2.304,unheimlich meist.,-0.49728070944547653,1.0,816.2179565429688,0.9793424094095826,0.0013263134751468897
/home/marlow/Documents/GCS_Speech_Thesis/data/test_set/gcs_3/gcs3_salad_46.wav,gcs_3,,2.432,3.168,Do you not miss?,-0.9545866847038269,0.25,475.3802185058594,0.9877551949542501,0.102039635181427
/home/marlow/Documents/GCS_Speech_Thesis/data/test_set/gcs_3/gcs3_salad_197.wav,gcs_3,,0.064,3.072,billig sammeln systematisch dichter zu kommen.,-0.3236004151403904,1.0,2233.9345703125,0.9680100894988851,0.0002192200190620497
/home/marlow/Documents/GCS_Speech_Thesis/data/test_set/gcs_3/gcs3_salad_78.wav,gcs_3,,0.096,0.512,Blend.,-1.031245231628418,0.0,41.97056579589844,0.9283528671814845,0.35940831899642944
/home/marlow/Documents/GCS_Speech_Thesis/data/test_set/gcs_3/gcs3_salad_78.wav,gcs_3,,0.64,2.016,Zweifel Einzelfallt,-0.628592848777771,0.5,174891.546875,0.9946515199749969,0.34406617283821106
/home/marlow/Documents/GCS_Speech_Thesis/data/test_set/gcs_3/gcs3_salad_78.wav,gcs_3,,2.048,2.56,Zeitschrift.,-0.7162775546312332,0.0,49.104827880859375,0.9985953941941261,0.3554970622062683
/home/marlow/Documents/GCS_Speech_Thesis/data/test_set/gcs_3/gcs3_salad_78.wav,gcs_3,,2.656,3.296,Jahrhundert.,-1.0072806562696184,0.0,8.04281234741211,0.9985160231590271,0.42169561982154846
/home/marlow/Documents/GCS_Speech_Thesis/data/test_set/gcs_3/gcs3_salad_78.wav,gcs_3,,3.36,4.576,ein reichen Republik.,-0.6441742579142252,0.6666666666666666,4064.16357421875,0.9743489403473703,0.07242269068956375
/home/marlow/Documents/GCS_Speech_Thesis/data/test_set/gcs_3/gcs3_salad_82.wav,gcs_3,,0.096,0.48,Großbritannien.,-0.9819266001383463,0.0,34.58352279663086,0.9421741788585981,0.5584011077880859
/home/marlow/Documents/GCS_Speech_Thesis/data/test_set/gcs_3/gcs3_salad_82.wav,gcs_3,,0.544,2.752,Zügig resultieren Täter ähnlich.,-0.4550687099496524,0.75,7953.240234375,0.99864027120065,0.012980831786990166
/home/marlow/Documents/GCS_Speech_Thesis/data/test_set/gcs_3/gcs3_salad_178.wav,gcs_3,,0.064,4.448,Eventuell eröffnen Absolvent veranstalten besorgen geradezu.,-0.23122391998767852,0.8333333333333334,16971.765625,0.991720629434516,0.0016509904526174068
/home/marlow/Documents/GCS_Speech_Thesis/data/test_set/gcs_3/gcs3_salad_193.wav,gcs_3,,0.192,1.28,"Fläch you, Termin!",-0.864047509431839,0.0,3072.845458984375,0.9988902596866384,0.05228166654706001
/home/marlow/Documents/GCS_Speech_Thesis/data/test_set/gcs_3/gcs3_salad_193.wav,gcs_3,,2.144,4.224,Ich erarbeiten Bewohner draußen.,-0.5212074995040894,0.75,59304.26953125,0.9912019766294039,0.012474625371396542
/home/marlow/Documents/GCS_Speech_Thesis/data/test_set/gcs_3/gcs3_salad_154.wav,gcs_3,,0.192,0.576,Flucht.,-0.8921488126118978,1.0,27.915700912475586,0.990706592798233,0.5170109868049622
/home/marlow/Documents/GCS_Speech_Thesis/data/test_set/gcs_3/gcs3_salad_154.wav,gcs_3,,0.608,3.136,Primäre Einkommen folgen Terrorist.,-0.7070359438657761,0.5,1709.9951171875,0.9817449884324134,0.012121299281716347
/home/marlow/Documents/GCS_Speech_Thesis/data/test_set/gcs_3/gcs3_salad_85.wav,gcs_3,,0.192,0.704,Vorricht.,-1.1669192711512248,0.0,226.8415069580078,0.9998101554811001,0.5562880635261536
/home/marlow/Documents/GCS_Speech_Thesis/data/test_set/gcs_3/gcs3_salad_85.wav,gcs_3,,0.768,0.992,Sach.,-1.3943478465080261,0.0,1028.5137939453125,0.9999170047896249,0.4515804946422577
/home/marlow/Documents/GCS_Speech_Thesis/data/test_set/gcs_3/gcs3_salad_85.wav,gcs_3,,1.056,1.568,Verhalt.,-0.7644148667653402,1.0,248.0817108154297,0.9996835812926292,0.5126551389694214
/home/marlow/Documents/GCS_Speech_Thesis/data/test_set/gcs_3/gcs3_salad_85.wav,gcs_3,,1.632,2.304,umgekehrt.,-0.5715543031692505,1.0,654.6475219726562,0.989844818909963,0.06029230356216431
/home/marlow/Documents/GCS_Speech_Thesis/data/test_set/gcs_3/gcs3_salad_85.wav,gcs_3,,2.368,3.424,und Landwirtschaft,-0.38964683810869855,0.5,16033.6904296875,0.9941741173917596,0.07918168604373932
/home/marlow/Documents/GCS_Speech_Thesis/data/test_set/gcs_3/gcs3_salad_85.wav,gcs_3,,3.488,4.192,Relativ,-0.6472328186035157,1.0,26.773693084716797,0.999212462793697,0.4174145460128784
/home/marlow/Documents/GCS_Speech_Thesis/data/test_set/gcs_3/gcs3_salad_85.wav,gcs_3,,4.256,4.928,Irgendwann.,-0.45349158346652985,1.0,181.98654174804688,0.9991099635759989,0.0667344182729721
/home/marlow/Documents/GCS_Speech_Thesis/data/test_set/gcs_3/gcs3_salad_02.wav,gcs_3,,0.16,1.6,Publikum Runde reflekt.,-0.538385889746926,0.3333333333333333,2382.672607421875,0.999377633465661,0.037795569747686386
/home/marlow/Documents/GCS_Speech_Thesis/data/test_set/gcs_3/gcs3_salad_02.wav,gcs_3,,1.632,2.368,Tieren nach.,-0.5804839304515294,0.5,731.1448974609375,0.97091053750204,0.0039495318196713924
/home/marlow/Documents/GCS_Speech_Thesis/data/test_set/gcs_3/gcs3_salad_02.wav,gcs_3,,2.432,3.52,folgend erregend.,-0.6749213006761339,1.0,508.233642578125,0.9913149090374217,0.2643047571182251
/home/marlow/Documents/GCS_Speech_Thesis/data/test_set/gcs_3/gcs3_salad_147.wav,gcs_3,,0.096,0.512,sonst,-0.45450353622436523,1.0,,0.9122072194631283,0.16926750540733337
/home/marlow/Documents/GCS_Speech_Thesis/data/test_set/gcs_3/gcs3_salad_147.wav,gcs_3,,0.608,2.208,Klavierstufe Zufall.,-0.44802387555440265,0.0,31384.869140625,0.9990090894699096,0.003188560949638486
/home/marlow/Documents/GCS_Speech_Thesis/data/test_set/gcs_3/gcs3_salad_158.wav,gcs_3,,0.448,2.272,legen Kerlstudent statt.,-0.6250401556491851,0.6666666666666666,25881.0,0.9967410292541772,0.006958074867725372
/home/marlow/Documents/GCS_Speech_Thesis/data/test_set/gcs_3/gcs3_salad_158.wav,gcs_3,,2.304,2.784,Reparat,-0.7478699207305908,0.0,563.7567749023438,0.9983755946159363,0.4272479712963104
/home/marlow/Documents/GCS_Speech_Thesis/data/test_set/gcs_3/gcs3_salad_158.wav,gcs_3,,2.816,3.2,Version.,-1.331062412261963,0.0,33.5249137878418,0.9987622598807017,0.4545060396194458
/home/marlow/Documents/GCS_Speech_Thesis/data/test_set/gcs_3/gcs3_salad_59.wav,gcs_3,,0.064,2.912,"religiös veränderung, planung, regelrecht",-0.3252600868542989,0.5,357.28009033203125,0.9961698477187854,0.0005841270904056728
/home/marlow/Documents/GCS_Speech_Thesis/data/test_set/gcs_3/gcs3_salad_59.wav,gcs_3,,3.008,3.904,lebendig auf.,-0.46751581132411957,1.0,43.45941162109375,0.9997310297829765,0.04258003085851669
/home/marlow/Documents/GCS_Speech_Thesis/data/test_set/gcs_3/gcs3_salad_59.wav,gcs_3,,3.936,4.256,Fun.,-1.2824609756469727,0.0,173.77330017089844,0.998436015844345,0.40259283781051636
/home/marlow/Documents/GCS_Speech_Thesis/data/test_set/gcs_3/gcs3_salad_189.wav,gcs_3,,0.096,2.848,"Winter verarbeiten Rot, Stimme, Gerät.",-0.4471877557890756,0.8,9484.0322265625,0.99764939518862,0.008362896740436554
/home/marlow/Documents/GCS_Speech_Thesis/data/test_set/gcs_3/gcs3_salad_189.wav,gcs_3,,3.296,4.0,Präparat.,-0.7584577798843384,0.0,16.010211944580078,0.9882957881147211,0.6427420377731323
/home/marlow/Documents/GCS_Speech_Thesis/data/test_set/gcs_3/gcs3_salad_113.wav,gcs_3,,0.096,1.088,gehen anzug,-0.7264874875545502,0.5,2049.27001953125,0.9898092419870438,0.08186379075050354
/home/marlow/Documents/GCS_Speech_Thesis/data/test_set/gcs_3/gcs3_salad_113.wav,gcs_3,,1.12,2.464,Brücke Organismus.,-0.708277590572834,0.0,51362.34765625,0.9991884628931681,0.062220145016908646
/home/marlow/Documents/GCS_Speech_Thesis/data/test_set/gcs_3/gcs3_salad_73.wav,gcs_3,,0.16,1.28,"Verkaufen, behaupt.",-0.672707462310791,0.5,518.8063354492188,0.9992427536419459,0.027523145079612732
/home/marlow/Documents/GCS_Speech_Thesis/data/test_set/gcs_3/gcs3_salad_73.wav,gcs_3,,1.312,1.984,ein Konzept.,-0.8214751482009888,0.5,858.1962280273438,0.9957180448940822,0.20862720906734467
/home/marlow/Documents/GCS_Speech_Thesis/data/test_set/gcs_3/gcs3_salad_73.wav,gcs_3,,2.08,2.848,überwinden.,-0.5430934769766671,1.0,25.41925048828125,0.9972419639428457,0.043465085327625275
/home/marlow/Documents/GCS_Speech_Thesis/data/test_set/gcs_3/gcs3_salad_31.wav,gcs_3,,0.064,0.64,Massive.,-0.7466579973697662,1.0,90.61609649658203,0.9790257347954644,0.1795598268508911
/home/marlow/Documents/GCS_Speech_Thesis/data/test_set/gcs_3/gcs3_salad_31.wav,gcs_3,,0.672,3.648,Glauben ausscheiten national sterben Kompromis.,-0.5615562759339809,0.6,45913.09375,0.998923279905832,0.08971122652292252
/home/marlow/Documents/GCS_Speech_Thesis/data/test_set/gcs_3/gcs3_salad_128.wav,gcs_3,,0.128,4.416,Hotel Akut langfristig vermuten hell entscheiden ausscheiden.,-0.4361904649173512,0.8571428571428571,11734.6943359375,0.9982373861234579,0.03485753387212753
/home/marlow/Documents/GCS_Speech_Thesis/data/test_set/gcs_3/gcs3_salad_122.wav,gcs_3,,0.16,3.456,"Verbleiben missbrauch, momentan herausforderung lieb.",-0.47670457429356045,0.8,9328.798828125,0.9990946002376889,0.15554358065128326
/home/marlow/Documents/GCS_Speech_Thesis/data/test_set/gcs_3/gcs3_salad_122.wav,gcs_3,,3.52,3.808,Fins.,-1.209315558274587,0.0,6324.57568359375,0.9993510511186388,0.5417464375495911
/home/marlow/Documents/GCS_Speech_Thesis/data/test_set/gcs_3/gcs3_salad_170.wav,gcs_3,,0.096,0.512,Übert.,-1.1284200350443523,0.0,909.7769775390625,0.9990264269021841,0.44132813811302185
/home/marlow/Documents/GCS_Speech_Thesis/data/test_set/gcs_3/gcs3_salad_170.wav,gcs_3,,1.344,3.232,"Klügen potenziell,amtlich.",-0.6125891854365667,0.0,1921.7266845703125,0.9917046892440925,0.029091814532876015
/home/marlow/Documents/GCS_Speech_Thesis/data/test_set/gcs_3/gcs3_salad_170.wav,gcs_3,,3.392,4.256,Kreeningmenze.,-1.075111813015408,0.0,2239.851318359375,0.999761579213319,0.32527613639831543
/home/marlow/Documents/GCS_Speech_Thesis/data/test_set/gcs_3/gcs3_salad_109.wav,gcs_3,,0.16,4.352,Kriterium übertreiben versagen schwerwille Intelligenz.,-0.4216358181503084,0.4,2223.421142578125,0.9992539505012162,0.2314162403345108
/home/marlow/Documents/GCS_Speech_Thesis/data/test_set/gcs_3/gcs3_salad_04.wav,gcs_3,,0.128,1.024,Kulturmost.,-0.8828122615814209,0.0,6348.5966796875,0.9983976972954614,0.19981275498867035
/home/marlow/Documents/GCS_Speech_Thesis/data/test_set/gcs_3/gcs3_salad_04.wav,gcs_3,,1.152,4.192,in sprechen Stein modern konventionell.,-0.7331174612045288,0.8,7719.52099609375,0.9991185382792824,0.03161097317934036
/home/marlow/Documents/GCS_Speech_Thesis/data/test_set/gcs_3/gcs3_salad_41.wav,gcs_3,,0.096,0.896,Ehe sonst.,-0.9753508227212089,1.0,1389.32421875,0.9943037581443787,0.20196649432182312
/home/marlow/Documents/GCS_Speech_Thesis/data/test_set/gcs_3/gcs3_salad_41.wav,gcs_3,,0.928,1.152,Die,-1.3000725209712982,1.0,,0.9992662753377642,0.5966619849205017
/home/marlow/Documents/GCS_Speech_Thesis/data/test_set/gcs_3/gcs3_salad_41.wav,gcs_3,,1.184,2.88,eindeutig Ausbildunglauf.,-0.5182241851633246,0.5,1916.206298828125,0.9983946444853297,0.00036609944072552025
/home/marlow/Documents/GCS_Speech_Thesis/data/test_set/gcs_3/gcs3_salad_52.wav,gcs_3,,0.064,2.56,Name herausforderung Schwangerschaft.,-0.5595983158458363,0.0,36723.75,0.9990033583763318,0.006932826712727547
/home/marlow/Documents/GCS_Speech_Thesis/data/test_set/gcs_3/gcs3_salad_52.wav,gcs_3,,2.72,2.976,Prost.,-1.1093205213546753,1.0,16.183996200561523,0.9951004311442375,0.4927912950515747
/home/marlow/Documents/GCS_Speech_Thesis/data/test_set/gcs_3/gcs3_salad_52.wav,gcs_3,,3.392,3.776,wird,-0.9875935614109039,1.0,,0.9993884613116583,0.4589904248714447
/home/marlow/Documents/GCS_Speech_Thesis/data/test_set/gcs_3/gcs3_salad_52.wav,gcs_3,,3.84,4.992,Ausnehmen ländlich.,-0.6590971416897244,1.0,1437.6571044921875,0.9984099732504951,0.0009567408706061542
/home/marlow/Documents/GCS_Speech_Thesis/data/test_set/gcs_3/gcs3_salad_172.wav,gcs_3,,0.192,1.056,vollkommen riecht.,-0.6124208768208822,1.0,1036.7852783203125,0.999640632558752,0.06891608983278275
/home/marlow/Documents/GCS_Speech_Thesis/data/test_set/gcs_3/gcs3_salad_172.wav,gcs_3,,1.088,2.368,Im Vortrag treine.,-0.9266224265098572,0.3333333333333333,30725.978515625,0.9945459753274918,0.09093274921178818
/home/marlow/Documents/GCS_Speech_Thesis/data/test_set/gcs_3/gcs3_salad_168.wav,gcs_3,,0.128,1.376,Schlagen vermeintlich,-0.5270276144146919,1.0,136906.96875,0.9996750690998175,0.019935114309191704
/home/marlow/Documents/GCS_Speech_Thesis/data/test_set/gcs_3/gcs3_salad_168.wav,gcs_3,,1.472,3.232,Zusammenhängen wie der Baumüch.,-0.6368383444272555,0.75,3805.717529296875,0.9998271064324813,0.010795503854751587
/home/marlow/Documents/GCS_Speech_Thesis/data/test_set/gcs_3/gcs3_salad_168.wav,gcs_3,,3.264,3.872,steu.,-1.3680221637090046,0.0,251.04156494140625,0.9985090964718869,0.31689518690109253
/home/marlow/Documents/GCS_Speech_Thesis/data/test_set/gcs_3/gcs3_salad_144.wav,gcs_3,,0.064,1.248,Lampe Grundstück,-0.3259393014013767,0.0,218293.1875,0.9954040904302854,0.024535249918699265
/home/marlow/Documents/GCS_Speech_Thesis/data/test_set/gcs_3/gcs3_salad_144.wav,gcs_3,,1.312,2.592,Gerade zum Missbrauch.,-0.5659453074137369,1.0,722.2385864257812,0.9984863385558128,0.0165591798722744
/home/marlow/Documents/GCS_Speech_Thesis/data/test_set/gcs_3/gcs3_salad_144.wav,gcs_3,,2.688,3.232,Flughafen.,-1.0317460809435164,0.0,30.383970260620117,0.9981867250274209,0.45528778433799744
/home/marlow/Documents/GCS_Speech_Thesis/data/test_set/gcs_3/gcs3_salad_196.wav,gcs_3,,0.064,4.064,Über Wachenstrafe Sekretärin der Teil Risiko-Schut.,-0.5105434268712997,0.5,18551.150390625,0.9987127132415772,0.008907395415008068
/home/marlow/Documents/GCS_Speech_Thesis/data/test_set/gcs_3/gcs3_salad_64.wav,gcs_3,,0.096,3.328,"Jäger Sicherheit, Radikal, Verbringen und Verzüb.",-0.3938476380548979,0.5,1623.378662109375,0.9985759028113714,0.014718075282871723
/home/marlow/Documents/GCS_Speech_Thesis/data/test_set/gcs_3/gcs3_salad_64.wav,gcs_3,,3.36,3.584,Wir sind auf der anderen Seite.,-1.6035578012466432,0.8333333333333334,10.647003173828125,0.9999095967837742,0.5136744976043701
/home/marlow/Documents/GCS_Speech_Thesis/data/test_set/gcs_3/gcs3_salad_150.wav,gcs_3,,0.064,0.736,Dialog,-0.30786857604980467,0.0,,0.9984356306848072,0.26623550057411194
/home/marlow/Documents/GCS_Speech_Thesis/data/test_set/gcs_3/gcs3_salad_150.wav,gcs_3,,0.832,1.664,Enden zurück,-0.5585824946562449,1.0,949.3270874023438,0.9995510899103605,0.851274847984314
/home/marlow/Documents/GCS_Speech_Thesis/data/test_set/gcs_3/gcs3_salad_150.wav,gcs_3,,1.696,3.104,für einen Grundsatzschuld.,-0.6820452213287354,0.6666666666666666,3046.304931640625,0.9990482221950184,0.08935393393039703
/home/marlow/Documents/GCS_Speech_Thesis/data/test_set/gcs_3/gcs3_salad_35.wav,gcs_3,,0.128,1.472,Sein alter Werkstatt.,-0.42910746932029725,0.6666666666666666,4281.33642578125,0.998027639729636,0.008347784169018269
/home/marlow/Documents/GCS_Speech_Thesis/data/test_set/gcs_3/gcs3_salad_35.wav,gcs_3,,1.536,3.552,Konzentration zwangsläufig,-0.3544597734104503,0.5,495.06402587890625,0.997667153676351,0.0014515443472191691
/home/marlow/Documents/GCS_Speech_Thesis/data/test_set/gcs_3/gcs3_salad_34.wav,gcs_3,,0.384,1.28,Sie entheben.,-0.6585471257567406,1.0,844.5398559570312,0.9997649767569133,0.16339975595474243
/home/marlow/Documents/GCS_Speech_Thesis/data/test_set/gcs_3/gcs3_salad_34.wav,gcs_3,,1.312,1.728,Klüssig.,-1.2008108752114433,0.0,777.5244140625,0.9998019291804388,0.10231184214353561
/home/marlow/Documents/GCS_Speech_Thesis/data/test_set/gcs_3/gcs3_salad_34.wav,gcs_3,,1.792,2.112,Ich kann nicht.,-2.0548085485185896,1.0,10.462576866149902,0.998890608549118,0.5789721012115479
/home/marlow/Documents/GCS_Speech_Thesis/data/test_set/gcs_3/gcs3_salad_34.wav,gcs_3,,2.208,3.968,verwenden Generaldenkenimpfs.,-0.6719093972986395,0.5,19571.865234375,0.9993900645862926,0.09013871103525162
/home/marlow/Documents/GCS_Speech_Thesis/data/test_set/gcs_3/gcs3_salad_34.wav,gcs_3,,4.0,4.448,Filum.,-1.0751022895177205,0.0,186.58245849609375,0.9982339058603559,0.5976687073707581
/home/marlow/Documents/GCS_Speech_Thesis/data/test_set/gcs_3/gcs3_salad_106.wav,gcs_3,,0.128,2.144,unterbringen starke Lernen öff.,-0.5034524550040563,0.75,6043.0556640625,0.9990323687356616,0.015547841787338257
/home/marlow/Documents/GCS_Speech_Thesis/data/test_set/gcs_3/gcs3_salad_106.wav,gcs_3,,2.176,2.464,Schmein.,-1.4152295248849052,0.0,5243.3525390625,0.997261815600925,0.5180670619010925
/home/marlow/Documents/GCS_Speech_Thesis/data/test_set/gcs_3/gcs3_salad_75.wav,gcs_3,,0.16,2.048,Tabelle beliebig entdecken wird.,-0.5047837037306565,0.75,5667.85888671875,0.9950615531307155,0.008512270636856556
/home/marlow/Documents/GCS_Speech_Thesis/data/test_set/gcs_3/gcs3_salad_75.wav,gcs_3,,2.08,4.608,Ich wem diesen Ausgangspunkt entsprechen.,-0.6950173846312931,0.8,6290.06689453125,0.996419262282456,0.034664686769247055
/home/marlow/Documents/GCS_Speech_Thesis/data/test_set/gcs_3/gcs3_salad_70.wav,gcs_3,,0.128,2.656,"Einbringen Erholung, Bezug, metodisch.",-0.5271086096763611,0.25,930.7523803710938,0.9980659371689905,0.04215671867132187
/home/marlow/Documents/GCS_Speech_Thesis/data/test_set/gcs_3/gcs3_salad_70.wav,gcs_3,,2.688,3.008,Lieder.,-1.4221810377561128,0.0,26.615985870361328,0.9996816694736481,0.5765696167945862
/home/marlow/Documents/GCS_Speech_Thesis/data/test_set/gcs_3/gcs3_salad_70.wav,gcs_3,,3.328,4.128,Retentier,-0.985787014166514,0.0,1274779.5,0.9916032075881958,0.11756492406129837
/home/marlow/Documents/GCS_Speech_Thesis/data/test_set/gcs_3/gcs3_salad_39.wav,gcs_3,,0.096,0.352,Und...,-0.9712203979492188,1.0,178.1982421875,0.9875671714544296,0.41787657141685486
/home/marlow/Documents/GCS_Speech_Thesis/data/test_set/gcs_3/gcs3_salad_39.wav,gcs_3,,0.384,2.176,Sie in herkömmlich Gemeinschaft.,-0.31743522790762096,0.75,3189.2470703125,0.999671074960913,0.012645979411900043
/home/marlow/Documents/GCS_Speech_Thesis/data/test_set/gcs_3/gcs3_salad_39.wav,gcs_3,,2.304,3.36,Stummqualität.,-0.4951758235692978,0.0,2181.451171875,0.999193498582551,0.15132100880146027
/home/marlow/Documents/GCS_Speech_Thesis/data/test_set/gcs_3/gcs3_salad_191.wav,gcs_3,,0.064,0.736,Lautwist,-0.8374390431812831,0.0,9439.447265625,0.9689131592001233,0.06661319732666016
/home/marlow/Documents/GCS_Speech_Thesis/data/test_set/gcs_3/gcs3_salad_191.wav,gcs_3,,0.8,1.152,Lich.,-0.8675429224967957,0.0,421.5054931640625,0.9993183179335161,0.22089780867099762
/home/marlow/Documents/GCS_Speech_Thesis/data/test_set/gcs_3/gcs3_salad_191.wav,gcs_3,,1.216,2.112,Profirat.,-0.7890619039535522,0.0,1763.24853515625,0.9985315757138389,0.34223467111587524
/home/marlow/Documents/GCS_Speech_Thesis/data/test_set/gcs_3/gcs3_salad_191.wav,gcs_3,,2.176,3.36,Erwartungstress,-0.5292139127850533,0.0,124.78401184082031,0.9978629930599315,0.0731286033987999
/home/marlow/Documents/GCS_Speech_Thesis/data/test_set/gcs_3/gcs3_salad_87.wav,gcs_3,,0.096,1.856,Wahrteils herstellern lassen.,-0.6495935266668146,0.3333333333333333,3455.10400390625,0.9987374381585554,0.03935384005308151
/home/marlow/Documents/GCS_Speech_Thesis/data/test_set/gcs_3/gcs3_salad_87.wav,gcs_3,,1.952,3.072,"Minister, vielleicht.",-0.7823633296149117,0.5,280.16650390625,0.9995176945413862,0.10672499984502792
/home/marlow/Documents/GCS_Speech_Thesis/data/test_set/gcs_3/gcs3_salad_198.wav,gcs_3,,0.128,0.64,Konzept?,-0.650164783000946,0.0,463.9238586425781,0.9985604546964169,0.3921937942504883
/home/marlow/Documents/GCS_Speech_Thesis/data/test_set/gcs_3/gcs3_salad_198.wav,gcs_3,,0.768,2.368,donköl Gemüse und Tarscheet.,-0.7413397868474324,0.25,2415.506591796875,0.9978769302368165,0.0025507237296551466
/home/marlow/Documents/GCS_Speech_Thesis/data/test_set/gcs_3/gcs3_salad_198.wav,gcs_3,,2.4,3.648,Bahnhof intensiv.,-0.5066225454211235,0.5,5233.6953125,0.9988899139257578,0.012968507595360279
/home/marlow/Documents/GCS_Speech_Thesis/data/test_set/gcs_3/gcs3_salad_133.wav,gcs_3,,0.16,2.816,"Ausnahme, Abenteuer, Naturwissenschaft",-0.3278526801329393,0.0,396.4718322753906,0.9992756168526339,0.010587256401777267
/home/marlow/Documents/GCS_Speech_Thesis/data/test_set/gcs_3/gcs3_salad_133.wav,gcs_3,,2.88,4.128,Steckdose äußerst.,-0.5219824747605757,0.5,904.2772827148438,0.9971277026029733,0.15505003929138184
/home/marlow/Documents/GCS_Speech_Thesis/data/test_set/gcs_3/gcs3_salad_133.wav,gcs_3,,4.224,5.152,vertraglich fest.,-0.6484538540244102,1.0,19.871095657348633,0.9992952059055197,0.019778115674853325
/home/marlow/Documents/GCS_Speech_Thesis/data/test_set/gcs_3/gcs3_salad_133.wav,gcs_3,,5.216,5.6,David.,-1.3103288650512694,0.0,37.01900100708008,0.9986021816730499,0.44395875930786133
/home/marlow/Documents/GCS_Speech_Thesis/data/test_set/gcs_3/gcs3_salad_23.wav,gcs_3,,0.16,2.24,"Verantwortung, Begegnungen wirken.",-0.42847252388795215,0.3333333333333333,660.4984741210938,0.9986557089365445,0.14137256145477295
/home/marlow/Documents/GCS_Speech_Thesis/data/test_set/gcs_3/gcs3_salad_23.wav,gcs_3,,2.272,2.688,Flucht.,-0.9235143661499023,1.0,27.915700912475586,0.9976061903513395,0.5954217314720154
/home/marlow/Documents/GCS_Speech_Thesis/data/test_set/gcs_3/gcs3_salad_23.wav,gcs_3,,2.784,4.256,Hödlich mehr Halt retten.,-0.8309157540400823,0.75,5797.54443359375,0.9797550945178323,0.045789506286382675
/home/marlow/Documents/GCS_Speech_Thesis/data/test_set/gcs_3/gcs3_salad_27.wav,gcs_3,,0.128,0.928,Schleinschluss,-1.0045024024115667,0.0,67893.0859375,0.9971645927429199,0.38636401295661926
/home/marlow/Documents/GCS_Speech_Thesis/data/test_set/gcs_3/gcs3_salad_27.wav,gcs_3,,0.96,3.776,"Anliegen, Abhalten, Verbringen, Zunge, Alter.",-0.4161955797009998,0.8,260.9495849609375,0.9946055805141275,0.018426503986120224
/home/marlow/Documents/GCS_Speech_Thesis/data/test_set/gcs_3/gcs3_salad_102.wav,gcs_3,,0.096,2.176,akademisch entgehen akut,-0.35237692594528197,1.0,4971.12841796875,0.9956716519135695,0.06903912872076035
/home/marlow/Documents/GCS_Speech_Thesis/data/test_set/gcs_3/gcs3_salad_102.wav,gcs_3,,2.624,3.68,und stehen wahren.,-0.8163338229060173,1.0,14841.47265625,0.9931131474899523,0.012615079060196877
/home/marlow/Documents/GCS_Speech_Thesis/data/test_set/gcs_3/gcs3_salad_124.wav,gcs_3,,0.064,1.92,Nationsteil Oma-Mach.,-0.7024793873230616,0.0,18423.169921875,0.9876182197496809,0.001866237143985927
/home/marlow/Documents/GCS_Speech_Thesis/data/test_set/gcs_3/gcs3_salad_125.wav,gcs_3,,0.064,3.328,die Regenz leicht atmosphäre Vorgänger alternat.,-0.5295291356742382,0.3333333333333333,9605.6787109375,0.9970245653507757,0.0015229504788294435
/home/marlow/Documents/GCS_Speech_Thesis/data/test_set/gcs_3/gcs3_salad_125.wav,gcs_3,,3.392,3.776,Ruhige!,-2.2315923827035085,1.0,319.5422668457031,0.9988533705472946,0.48451563715934753
/home/marlow/Documents/GCS_Speech_Thesis/data/test_set/gcs_3/gcs3_salad_161.wav,gcs_3,,0.064,0.864,Minderheit,-0.2651051680246989,0.0,192.96878051757812,0.9757700192928315,0.044682826846838
/home/marlow/Documents/GCS_Speech_Thesis/data/test_set/gcs_3/gcs3_salad_161.wav,gcs_3,,0.896,1.568,intensiv,-0.5083755493164063,1.0,6.392784118652344,0.9998506534667242,0.16024157404899597
/home/marlow/Documents/GCS_Speech_Thesis/data/test_set/gcs_3/gcs3_salad_161.wav,gcs_3,,1.984,2.976,Scheinchanzig,-0.6936560869216919,0.0,90447.2734375,0.9994930567279938,0.23194938898086548
/home/marlow/Documents/GCS_Speech_Thesis/data/test_set/gcs_3/gcs3_salad_161.wav,gcs_3,,3.04,3.424,Klinik,-0.8036416272322336,0.0,,0.9815164804458618,0.6598613858222961
/home/marlow/Documents/GCS_Speech_Thesis/data/test_set/gcs_3/gcs3_salad_20.wav,gcs_3,,0.096,3.072,Geschenkteam-Abschied-Lohnsprechen beschreiben.,-0.48981507619222003,0.5,599.0049438476562,0.9905265329345581,0.1078091636300087
/home/marlow/Documents/GCS_Speech_Thesis/data/test_set/gcs_3/gcs3_salad_07.wav,gcs_3,,0.128,0.736,peinlich,-0.4279107352097829,1.0,123.53953552246094,0.9872757416022452,0.001731996308080852
/home/marlow/Documents/GCS_Speech_Thesis/data/test_set/gcs_3/gcs3_salad_07.wav,gcs_3,,0.8,2.56,Verstehen versichern Siedlung.,-0.4137996801963219,0.6666666666666666,179941.765625,0.9987130067565224,0.01358291320502758
/home/marlow/Documents/GCS_Speech_Thesis/data/test_set/gcs_3/gcs3_salad_167.wav,gcs_3,,0.16,1.056,Klatte einbezüchle.,-1.1478636448199933,0.0,1145.4423828125,0.9963107832840511,0.06387735903263092
/home/marlow/Documents/GCS_Speech_Thesis/data/test_set/gcs_3/gcs3_salad_167.wav,gcs_3,,1.088,2.304,in regional und,-1.051700512568156,1.0,3545.901611328125,0.9998561614438107,0.2130114585161209
/home/marlow/Documents/GCS_Speech_Thesis/data/test_set/gcs_3/gcs3_salad_167.wav,gcs_3,,2.336,2.72,Finan.,-1.3288161158561707,0.0,324.072021484375,0.9960389385620753,0.3819713592529297
/home/marlow/Documents/GCS_Speech_Thesis/data/test_set/gcs_3/gcs3_salad_110.wav,gcs_3,,0.096,1.984,"Schlüssel, Schwierigkeit, Schad?",-0.3707358378630418,0.3333333333333333,1529.9161376953125,0.9990279553300243,0.004972876515239477
/home/marlow/Documents/GCS_Speech_Thesis/data/test_set/gcs_3/gcs3_salad_110.wav,gcs_3,,2.048,2.976,gelten Ausset.,-0.9080158174037933,0.5,7053.64306640625,0.9952429861857973,0.0932474210858345
/home/marlow/Documents/GCS_Speech_Thesis/data/test_set/gcs_3/gcs3_salad_110.wav,gcs_3,,3.008,4.096,Registrieren.,-0.5630079731345177,1.0,15.868573188781738,0.9980238027432385,0.11210311204195023
/home/marlow/Documents/GCS_Speech_Thesis/data/test_set/gcs_3/gcs3_salad_58.wav,gcs_3,,0.064,3.04,Modellbetreuen hoffen selbstständig ufer.,-0.3321416862308979,0.5,11701.1025390625,0.9933819328584979,0.0010261422721669078
/home/marlow/Documents/GCS_Speech_Thesis/data/test_set/gcs_3/gcs3_salad_132.wav,gcs_3,,0.16,1.728,zugänglich Dunkelheit.,-0.5842500329017639,0.5,10020.7265625,0.9989352408720522,0.0008415215415880084
/home/marlow/Documents/GCS_Speech_Thesis/data/test_set/gcs_3/gcs3_salad_132.wav,gcs_3,,1.824,4.288,offenbar mußter Alternative ebene.,-0.6206645965576172,0.75,5584.75146484375,0.9976595740813714,0.005849515087902546
/home/marlow/Documents/GCS_Speech_Thesis/data/test_set/gcs_3/gcs3_salad_45.wav,gcs_3,,0.128,0.8,Angebot.,-0.9002469267163958,0.0,37.64484405517578,0.9943033144587562,0.1019861102104187
/home/marlow/Documents/GCS_Speech_Thesis/data/test_set/gcs_3/gcs3_salad_45.wav,gcs_3,,0.832,1.664,Sendungssatz,-0.5277506794248309,0.0,89.05367279052734,0.999676933655372,0.5811519622802734
/home/marlow/Documents/GCS_Speech_Thesis/data/test_set/gcs_3/gcs3_salad_45.wav,gcs_3,,1.76,2.4,beeinträcht.,-0.5271774530410767,0.0,1701.22216796875,0.9976102322340011,0.011410105042159557
/home/marlow/Documents/GCS_Speech_Thesis/data/test_set/gcs_3/gcs3_salad_45.wav,gcs_3,,2.464,2.848,Ticken.,-1.1674668391545613,1.0,543.5234375,0.9943892906109492,0.5092827677726746
/home/marlow/Documents/GCS_Speech_Thesis/data/test_set/gcs_3/gcs3_salad_88.wav,gcs_3,,0.128,0.992,Gegenseitig,-0.5814266375132969,1.0,5861.52783203125,0.9964964985847473,0.07615617662668228
/home/marlow/Documents/GCS_Speech_Thesis/data/test_set/gcs_3/gcs3_salad_88.wav,gcs_3,,1.088,2.496,"Fragen, Sportler, Jugend,",-0.776158332824707,0.3333333333333333,136.62620544433594,0.9981803717938337,0.3413254916667938
/home/marlow/Documents/GCS_Speech_Thesis/data/test_set/gcs_3/gcs3_salad_22.wav,gcs_3,,0.064,0.672,mündlich,-0.5136300126711527,1.0,50140.4921875,0.9618770495841378,0.009025420993566513
/home/marlow/Documents/GCS_Speech_Thesis/data/test_set/gcs_3/gcs3_salad_22.wav,gcs_3,,0.768,2.112,Klasse Experiment,-0.8470437924067179,0.5,177081.078125,0.9990786370776948,0.15388540923595428
/home/marlow/Documents/GCS_Speech_Thesis/data/test_set/gcs_3/gcs3_salad_22.wav,gcs_3,,2.144,2.912,verursachen.,-0.9126456805637905,1.0,331.7165222167969,0.9998724659283956,0.23137211799621582
/home/marlow/Documents/GCS_Speech_Thesis/data/test_set/gcs_3/gcs3_salad_22.wav,gcs_3,,2.944,3.808,Führte Liga,-0.7641095593571663,0.5,5691.94189453125,0.9989454834549515,0.05386956408619881
/home/marlow/Documents/GCS_Speech_Thesis/data/test_set/gcs_3/gcs3_salad_115.wav,gcs_3,,0.128,1.12,hersteller Suppe.,-0.8791452513800727,0.0,11884.9482421875,0.9994503144294985,0.2709782123565674
/home/marlow/Documents/GCS_Speech_Thesis/data/test_set/gcs_3/gcs3_salad_115.wav,gcs_3,,1.152,3.648,Beurteilung detailliert Produk.,-0.5466871346746173,0.3333333333333333,6115.02392578125,0.9887026999241266,0.07449019700288773
/home/marlow/Documents/GCS_Speech_Thesis/data/test_set/gcs_45/common_voice_de_20288218.mp3,gcs_45_clean,,0.96,1.824,die zwölfer.,-0.679692730307579,0.5,2523.023681640625,0.9753869374593099,0.02210405096411705
/home/marlow/Documents/GCS_Speech_Thesis/data/test_set/gcs_45/common_voice_de_20288218.mp3,gcs_45_clean,,1.856,3.008,Postelkirches.,-0.68187591764662,0.0,1517.1817626953125,0.9962593300475014,0.10649500787258148
/home/marlow/Documents/GCS_Speech_Thesis/data/test_set/gcs_45/common_voice_de_20288218.mp3,gcs_45_clean,,3.072,5.12,Bis heute die höchste Kirche der Stadt.,-0.4369519054889679,0.7142857142857143,47.65000915527344,0.9975716024637222,0.014863021671772003
/home/marlow/Documents/GCS_Speech_Thesis/data/test_set/gcs_45/common_voice_de_23349794.mp3,gcs_45_clean,,0.512,2.528,Klasse mit Perfekt.,-0.5527974843978882,1.0,187.64544677734375,0.9842167562908597,0.018518075346946716
/home/marlow/Documents/GCS_Speech_Thesis/data/test_set/gcs_45/common_voice_de_27654422.mp3,gcs_45_clean,,0.608,1.568,Einige Exekut.,-0.809565544128418,0.5,1030.5540771484375,0.9835223297278086,0.11020751297473907
/home/marlow/Documents/GCS_Speech_Thesis/data/test_set/gcs_45/common_voice_de_27654422.mp3,gcs_45_clean,,1.6,2.848,Die Missionen wurden im ...,-1.1535184648301866,0.75,1499.0699462890625,0.9995761269178146,0.38400691747665405
/home/marlow/Documents/GCS_Speech_Thesis/data/test_set/gcs_45/common_voice_de_27654422.mp3,gcs_45_clean,,2.88,3.584,Fernsehen über...,-0.7754814965384347,1.0,1173.6602783203125,0.9995270832018419,0.3717115819454193
/home/marlow/Documents/GCS_Speech_Thesis/data/test_set/gcs_45/common_voice_de_27654422.mp3,gcs_45_clean,,3.68,4.48,die meist,-0.7094667434692383,1.0,9424.2197265625,0.9980566763877868,0.2258376032114029
/home/marlow/Documents/GCS_Speech_Thesis/data/test_set/gcs_45/common_voice_de_27654422.mp3,gcs_45_clean,,4.544,5.44,geheimvoll.,-0.7974621738706317,0.0,3573.361572265625,0.9996562451124191,0.19610171020030975
/home/marlow/Documents/GCS_Speech_Thesis/data/test_set/gcs_45/common_voice_de_26581282.mp3,gcs_45_clean,,0.352,5.248,Das System selbst ist voll digitalisiert und weiß keine wesentlichen analogen Komponenten mehr auf.,-0.21032609939575195,0.8571428571428571,100.21633911132812,0.9922563480395897,0.0022918025497347116
/home/marlow/Documents/GCS_Speech_Thesis/data/test_set/gcs_45/common_voice_de_18877643.mp3,gcs_45_clean,,1.536,4.992,Bei der kleinsten Unstimmigkeit wird Alarm ausgelöst.,-0.29642338885201347,0.7142857142857143,50.694297790527344,0.9817776867636928,0.003274770686402917
/home/marlow/Documents/GCS_Speech_Thesis/data/test_set/gcs_45/common_voice_de_40161068.mp3,gcs_45_clean,,0.544,4.352,Hier wird gewissermaßen auf Nils Reiser mit den Vögelen angespielt.,-0.43983375767002936,0.7,603.8809204101562,0.9972045226257389,0.007723779417574406
/home/marlow/Documents/GCS_Speech_Thesis/data/test_set/gcs_45/common_voice_de_17665334.mp3,gcs_45_clean,,0.64,4.64,"Dem Schokenstaat ist es offenbar gelungen, Waffenfähiges Blutonium anzureichern.",-0.3337939813219268,0.7777777777777778,550.9833984375,0.9989148335456848,0.0016505303792655468
/home/marlow/Documents/GCS_Speech_Thesis/data/test_set/gcs_45/common_voice_de_19550651.mp3,gcs_45_clean,,0.736,2.656,Rein hat es verheiratet und hat zwei Kinder.,-0.37522774189710617,0.875,45.57439041137695,0.9983841111262639,0.12237566709518433
/home/marlow/Documents/GCS_Speech_Thesis/data/test_set/gcs_45/common_voice_de_35566244.mp3,gcs_45_clean,,0.64,5.344,die Liedenschaftsverwaltung ging an das niedersächsische Kultusministerium über.,-0.4684856877877162,0.75,77.89717102050781,0.9933575717162113,0.034527137875556946
/home/marlow/Documents/GCS_Speech_Thesis/data/test_set/gcs_45/common_voice_de_17404145.mp3,gcs_45_clean,,1.248,2.88,mit der Tabulator-Taste.,-0.7106044342120489,0.6666666666666666,29.054698944091797,0.9760779270938799,0.06460303068161011
/home/marlow/Documents/GCS_Speech_Thesis/data/test_set/gcs_45/common_voice_de_17404145.mp3,gcs_45_clean,,3.136,3.84,das Auto.,-1.1608760555585225,0.5,170.97471618652344,0.9789566966620359,0.37548553943634033
/home/marlow/Documents/GCS_Speech_Thesis/data/test_set/gcs_45/common_voice_de_17404145.mp3,gcs_45_clean,,4.0,5.152,Vervollständigung.,-0.45138247311115265,0.0,39.83256149291992,0.9568989641136594,0.06784454733133316
/home/marlow/Documents/GCS_Speech_Thesis/data/test_set/gcs_45/common_voice_de_17404145.mp3,gcs_45_clean,,5.184,5.568,... und ...,-1.5530784924825032,1.0,210.98611450195312,0.9668018768231074,0.2613624036312103
/home/marlow/Documents/GCS_Speech_Thesis/data/test_set/gcs_45/common_voice_de_36917754.mp3,gcs_45_clean,,0.96,3.136,Die beiden Sehen befinden sich vollständig.,-0.34428170323371887,1.0,1560.310546875,0.9942448060302174,0.012325414456427097
/home/marlow/Documents/GCS_Speech_Thesis/data/test_set/gcs_45/common_voice_de_36917754.mp3,gcs_45_clean,,3.168,4.192,in eine halbe Spaunt.,-0.8549554239619862,0.75,12314.7890625,0.987541988492012,0.11842044442892075
/home/marlow/Documents/GCS_Speech_Thesis/data/test_set/gcs_45/common_voice_de_36917754.mp3,gcs_45_clean,,4.256,5.952,ist beringe Nutzunallparks?,-1.0452225634029932,0.3333333333333333,46149.13671875,0.9896941781044006,0.0839126855134964
/home/marlow/Documents/GCS_Speech_Thesis/data/test_set/gcs_45/common_voice_de_36917754.mp3,gcs_45_clean,,6.4,7.584,Der zum TV war hier...,-0.6640876134236654,0.8,3413.610107421875,0.9862047884915326,0.12351818382740021
/home/marlow/Documents/GCS_Speech_Thesis/data/test_set/gcs_45/common_voice_de_36917754.mp3,gcs_45_clean,,7.648,9.632,unnamen Weltnatur erbegehör.,-1.1053522825241089,0.0,6485.3115234375,0.9904566253385236,0.15380719304084778
/home/marlow/Documents/GCS_Speech_Thesis/data/test_set/gcs_45/common_voice_de_18672345.mp3,gcs_45_clean,,0.928,3.104,Wie war es für Teenis in den 60ern?,-0.2505823480231421,0.75,81.71018981933594,0.9923042374498704,0.0023385148961097
/home/marlow/Documents/GCS_Speech_Thesis/data/test_set/gcs_45/common_voice_de_17335913.mp3,gcs_45_clean,,0.416,2.016,Übern zu allen U und S,-0.8681747317314148,0.8333333333333334,2061.04345703125,0.9945626699924469,0.04813999682664871
/home/marlow/Documents/GCS_Speech_Thesis/data/test_set/gcs_45/common_voice_de_17335913.mp3,gcs_45_clean,,2.048,4.16,Berlinien sowie zum regionalen und verentrocknieren.,-0.6868919357657433,0.6666666666666666,7975.39599609375,0.9829482079455347,0.018797963857650757
/home/marlow/Documents/GCS_Speech_Thesis/data/test_set/gcs_45/common_voice_de_18566642.mp3,gcs_45_clean,,0.416,1.856,Dies nutzen Sie zwei Entehungen.,-0.8720429986715317,0.8,4879.44775390625,0.9987766252623664,0.014140439219772816
/home/marlow/Documents/GCS_Speech_Thesis/data/test_set/gcs_45/common_voice_de_38534807.mp3,gcs_45_clean,,0.8,4.128,Dieser Schrein wird von den Shiiten als heilig betrachtet.,-0.37539185434579847,0.7777777777777778,27.9250545501709,0.9860845142259047,0.0015135615831241012
/home/marlow/Documents/GCS_Speech_Thesis/data/test_set/gcs_45/common_voice_de_17860897.mp3,gcs_45_clean,,0.896,4.096,wegen einer herrenlosen Darmtasche brach Panik aus unter Bahnhof.,-0.3969030069268268,0.6666666666666666,500.8442687988281,0.9955831068754196,0.0015976220602169633
/home/marlow/Documents/GCS_Speech_Thesis/data/test_set/gcs_45/common_voice_de_17860897.mp3,gcs_45_clean,,4.192,4.96,"und es ist ein Problem, ich vakuliert.",-1.5002709456852503,0.7142857142857143,154.22772216796875,0.9974259833494822,0.5370941162109375
/home/marlow/Documents/GCS_Speech_Thesis/data/test_set/gcs_45/common_voice_de_18083943.mp3,gcs_45_clean,,0.832,1.056,Das.,-1.0776679992675782,1.0,3029.9580078125,0.9900640845298767,0.18534663319587708
/home/marlow/Documents/GCS_Speech_Thesis/data/test_set/gcs_45/common_voice_de_18083943.mp3,gcs_45_clean,,1.44,2.016,reichen,-1.0420884132385253,1.0,,0.9997585647635989,0.2954118251800537
/home/marlow/Documents/GCS_Speech_Thesis/data/test_set/gcs_45/common_voice_de_27994620.mp3,gcs_45_clean,,1.184,4.064,Wir brauchen nur einen Transit Schwerverkehrsverbot.,-0.3790001588709214,0.6666666666666666,433.98870849609375,0.9991871469550663,0.0194091759622097
/home/marlow/Documents/GCS_Speech_Thesis/data/test_set/gcs_45/common_voice_de_23965117.mp3,gcs_45_clean,,0.832,1.92,und in der Zwischenzeit,-0.4346492555406358,0.75,59.963623046875,0.9832362146938548,0.019410286098718643
/home/marlow/Documents/GCS_Speech_Thesis/data/test_set/gcs_45/common_voice_de_23965117.mp3,gcs_45_clean,,1.952,2.688,für die Liede.,-1.2257848315768771,0.6666666666666666,161.78115844726562,0.9669270593187084,0.27031925320625305
/home/marlow/Documents/GCS_Speech_Thesis/data/test_set/gcs_45/common_voice_de_23965117.mp3,gcs_45_clean,,2.752,3.328,Das ist nicht so.,-1.5598911345005035,1.0,17.12799835205078,0.9863918026288351,0.21122390031814575
/home/marlow/Documents/GCS_Speech_Thesis/data/test_set/gcs_45/common_voice_de_18496319.mp3,gcs_45_clean,,0.896,2.816,Der Erzähler macht eine Kunstpause.,-0.223469577729702,0.6,133.38650512695312,0.9973784178495407,0.0006912996177561581
/home/marlow/Documents/GCS_Speech_Thesis/data/test_set/gcs_45/common_voice_de_19072795.mp3,gcs_45_clean,,0.0,5.184,Die Erinnerung des Erkrankens,-1.7224392394224803,0.5,365.5330505371094,0.05697414236603862,0.469183087348938
/home/marlow/Documents/GCS_Speech_Thesis/data/test_set/gcs_45/common_voice_de_17510997.mp3,gcs_45_clean,,0.608,2.304,hat es letzte nach dem Marktobug.,-0.7206976780524621,0.8333333333333334,805.3726806640625,0.956255663892217,0.01459569949656725
/home/marlow/Documents/GCS_Speech_Thesis/data/test_set/gcs_45/common_voice_de_17510997.mp3,gcs_45_clean,,2.336,2.976,Ihr gehackt mit.,-1.0218431684705946,1.0,1081.0450439453125,0.9895612806081772,0.4829854369163513
/home/marlow/Documents/GCS_Speech_Thesis/data/test_set/gcs_45/common_voice_de_17886559.mp3,gcs_45_clean,,0.32,2.144,"Guten Tag, die Fahrsteine bitte.",-0.5049805591503779,0.6,135.5539093017578,0.9935794974628248,0.009342311881482601
/home/marlow/Documents/GCS_Speech_Thesis/data/test_set/gcs_45/common_voice_de_27286846.mp3,gcs_45_clean,,0.832,3.456,Danach war er Kim Nasialehrer in Rennen.,-0.5594730377197266,0.7142857142857143,2671.705810546875,0.9953036482741193,0.013142810203135014
/home/marlow/Documents/GCS_Speech_Thesis/data/test_set/gcs_45/common_voice_de_18538701.mp3,gcs_45_clean,,0.704,3.84,Der Hafen von Rotterdam ist in Europa der bedeutsamste Umschlag.,-0.21775450025285994,0.6,68.7662353515625,0.9987872778152933,0.03252652660012245
/home/marlow/Documents/GCS_Speech_Thesis/data/test_set/gcs_45/common_voice_de_18538701.mp3,gcs_45_clean,,3.904,4.8,Platz für Container.,-0.4324297644197941,0.6666666666666666,271.88458251953125,0.9917618462017604,0.17804153263568878
/home/marlow/Documents/GCS_Speech_Thesis/data/test_set/gcs_45/common_voice_de_18205673.mp3,gcs_45_clean,,0.512,2.656,Ungesättigte Fettsäuren sind gesünder.,-0.4598480673397289,0.75,18.33553695678711,0.9856697476621884,0.0013175471685826778
/home/marlow/Documents/GCS_Speech_Thesis/data/test_set/gcs_45/common_voice_de_18205673.mp3,gcs_45_clean,,2.912,4.224,werden aber schneller ranzig.,-0.5517153210110135,1.0,479.7565612792969,0.9921376719707395,0.0005839505465701222
/home/marlow/Documents/GCS_Speech_Thesis/data/test_set/gcs_45/common_voice_de_18234182.mp3,gcs_45_clean,,0.448,1.44,Digit of Souls.,-1.0328955948352814,0.0,385.2159118652344,0.9958895771734176,0.027655618265271187
/home/marlow/Documents/GCS_Speech_Thesis/data/test_set/gcs_45/common_voice_de_23606125.mp3,gcs_45_clean,,0.832,3.488,"Wir müssen sicherstellen, dass jeder seiner Verantwortung gerecht ist.",-0.4012000140021829,0.8888888888888888,27.996257781982422,0.9591129806386419,0.0701078251004219
/home/marlow/Documents/GCS_Speech_Thesis/data/test_set/gcs_45/common_voice_de_18543618.mp3,gcs_45_clean,,0.8,3.552,Das Knistern gehört bei Schallplatten einfach dazu.,-0.48600224778056145,0.8571428571428571,125.07036590576172,0.9984276065992754,0.000787945871707052
/home/marlow/Documents/GCS_Speech_Thesis/data/test_set/gcs_45/common_voice_de_18375683.mp3,gcs_45_clean,,1.12,2.624,Cairo ist die Hauptstadt von Egypt.,-0.4464677150050799,0.5,14.945013046264648,0.9771235223780287,0.012824418023228645
/home/marlow/Documents/GCS_Speech_Thesis/data/test_set/gcs_45/common_voice_de_17361853.mp3,gcs_45_clean,,0.48,1.952,"Er weiß nicht, was er da tut.",-0.33108140031496686,1.0,7.548074245452881,0.9262474709881328,0.0014082550769671798
/home/marlow/Documents/GCS_Speech_Thesis/data/test_set/gcs_45/common_voice_de_20308848.mp3,gcs_45_clean,,1.024,4.0,Ähnlich dieses auch bei anderen Genehmigungen.,-0.3471826698098864,0.8333333333333334,562.1852416992188,0.9916378644204908,0.0005507953464984894
/home/marlow/Documents/GCS_Speech_Thesis/data/test_set/gcs_45/common_voice_de_20308848.mp3,gcs_45_clean,,4.096,4.576,Lach.,-0.9244663516680399,1.0,413.2337951660156,0.994846228758494,0.28469541668891907
/home/marlow/Documents/GCS_Speech_Thesis/data/test_set/gcs_45/common_voice_de_20308848.mp3,gcs_45_clean,,4.768,5.632,Artigie.,-1.0721962451934814,0.0,149.57347106933594,0.9933316376474168,0.09218795597553253
/home/marlow/Documents/GCS_Speech_Thesis/data/test_set/gcs_45/common_voice_de_20403220.mp3,gcs_45_clean,,1.12,2.752,Die Verwendung der Begriffe ist...,-0.5485422244438758,0.8,243.03050231933594,0.9958687109105727,0.00813749898225069
/home/marlow/Documents/GCS_Speech_Thesis/data/test_set/gcs_45/common_voice_de_20403220.mp3,gcs_45_clean,,2.784,5.664,Spielstein und Spielfigur ist nicht.,-0.37694307416677475,0.6,160.95614624023438,0.9733051356342104,0.09640917927026749
/home/marlow/Documents/GCS_Speech_Thesis/data/test_set/gcs_45/common_voice_de_20403220.mp3,gcs_45_clean,,5.792,6.816,undortig.,-0.9353744643075126,0.0,299.4343566894531,0.9385019985493273,0.06472180038690567
/home/marlow/Documents/GCS_Speech_Thesis/data/test_set/gcs_45/common_voice_de_21261915.mp3,gcs_45_clean,,0.8,3.104,Es ist schon ein bisschen eines griehle Welt.,-0.4974898020426432,0.75,720.5313720703125,0.9852434943119684,7.52554478822276e-05
/home/marlow/Documents/GCS_Speech_Thesis/data/test_set/gcs_45/common_voice_de_18619274.mp3,gcs_45_clean,,0.672,1.6,und Wagner meint.,-1.0317053347826004,0.6666666666666666,4369.123046875,0.9350659067196578,0.06815164536237717
/home/marlow/Documents/GCS_Speech_Thesis/data/test_set/gcs_45/common_voice_de_18619274.mp3,gcs_45_clean,,1.952,3.872,Wir sehen erst die Spitze des Eisbergs.,-0.2596143973725183,0.8571428571428571,26.906597137451172,0.9917595247427623,0.006171816494315863
/home/marlow/Documents/GCS_Speech_Thesis/data/test_set/gcs_45/common_voice_de_24370874.mp3,gcs_45_clean,,0.576,2.24,Bitte schicken Sie einen Techniker.,-0.33426580103960907,0.8,118.64405059814453,0.9700668224921594,0.0296537596732378
/home/marlow/Documents/GCS_Speech_Thesis/data/test_set/gcs_45/common_voice_de_24370874.mp3,gcs_45_clean,,2.56,4.096,Diese Abschnimmungsmaschine ist kap...,-0.6270777445573074,0.5,2674.267578125,0.987925915668408,0.0689472034573555
/home/marlow/Documents/GCS_Speech_Thesis/data/test_set/gcs_45/common_voice_de_24370874.mp3,gcs_45_clean,,4.128,4.448,Entschuldigung.,-1.230709284543991,0.0,2.793052911758423,0.9569103479385376,0.5924108624458313
/home/marlow/Documents/GCS_Speech_Thesis/data/test_set/gcs_45/common_voice_de_24370874.mp3,gcs_45_clean,,4.736,5.664,völlig demoliert.,-0.7034139122281756,1.0,13.233847618103027,0.9791863848423136,0.0419616736471653
/home/marlow/Documents/GCS_Speech_Thesis/data/test_set/gcs_45/common_voice_de_25995501.mp3,gcs_45_clean,,0.416,1.12,das Dorf erschlägt.,-0.8714541521939364,0.6666666666666666,427.3575439453125,0.9733382382176139,0.10142528265714645
/home/marlow/Documents/GCS_Speech_Thesis/data/test_set/gcs_45/common_voice_de_25995501.mp3,gcs_45_clean,,1.376,1.792,Bis zum Video.,-1.0939505440848214,0.6666666666666666,260.5795593261719,0.9958762343113239,0.05442686751484871
/home/marlow/Documents/GCS_Speech_Thesis/data/test_set/gcs_45/common_voice_de_25995501.mp3,gcs_45_clean,,1.888,2.368,Elathe.,-1.3220258780888148,0.0,327.9427490234375,0.9992437918980916,0.3544541299343109
/home/marlow/Documents/GCS_Speech_Thesis/data/test_set/gcs_45/common_voice_de_25995501.mp3,gcs_45_clean,,2.4,3.04,Schlüsselballin.,-1.2198460102081299,0.0,1493.5716552734375,0.9964341938495636,0.3465481400489807
/home/marlow/Documents/GCS_Speech_Thesis/data/test_set/gcs_45/common_voice_de_25995501.mp3,gcs_45_clean,,3.072,3.328,... und ...,-1.6677723328272502,1.0,210.98611450195312,0.9984802603721619,0.4102901220321655
/home/marlow/Documents/GCS_Speech_Thesis/data/test_set/gcs_45/common_voice_de_25995501.mp3,gcs_45_clean,,3.392,3.744,Jörg.,-1.1605935777936662,0.0,108.14496612548828,0.9959901950576089,0.3563326895236969
/home/marlow/Documents/GCS_Speech_Thesis/data/test_set/gcs_45/common_voice_de_37470495.mp3,gcs_45_clean,,0.928,3.808,Er ist vergleichbar mit dem deutschen Handelsgesetz.,-0.3069000760714213,0.8571428571428571,56.39912033081055,0.9986069964038001,0.03669634833931923
/home/marlow/Documents/GCS_Speech_Thesis/data/test_set/gcs_45/common_voice_de_37470495.mp3,gcs_45_clean,,4.448,4.864,Und dem...,-0.8103531102339426,1.0,1192.4781494140625,0.9949086308479309,0.28531140089035034
/home/marlow/Documents/GCS_Speech_Thesis/data/test_set/gcs_45/common_voice_de_37470495.mp3,gcs_45_clean,,4.896,7.072,Französischen Kot-Dü-Komär.,-0.7800699790318807,0.5,499.1044006347656,0.9788780672585263,0.3751997947692871
/home/marlow/Documents/GCS_Speech_Thesis/data/test_set/gcs_45/common_voice_de_18070491.mp3,gcs_45_clean,,0.384,1.408,Alle im Nach!,-0.7744497401373727,1.0,3111.861572265625,0.9935485851019621,0.013361363671720028
/home/marlow/Documents/GCS_Speech_Thesis/data/test_set/gcs_45/common_voice_de_26035885.mp3,gcs_45_clean,,0.928,3.52,Er war der vorletzte professionelle Eishock getorbert.,-0.5432392855485281,0.7142857142857143,463.968994140625,0.9955266971647003,0.004945126362144947
/home/marlow/Documents/GCS_Speech_Thesis/data/test_set/gcs_45/common_voice_de_26035885.mp3,gcs_45_clean,,3.552,4.64,der ohne Maske spielte.,-0.43802889910611237,0.75,356.31524658203125,0.9908792323925916,0.0018031819490715861
/home/marlow/Documents/GCS_Speech_Thesis/data/test_set/gcs_45/common_voice_de_24424256.mp3,gcs_45_clean,,1.216,3.04,Diese kleinbräuerliche Landwirtschaft.,-0.48689431448777515,0.3333333333333333,1189.6531982421875,0.9808758685463353,0.015758255496621132
/home/marlow/Documents/GCS_Speech_Thesis/data/test_set/gcs_45/common_voice_de_24424256.mp3,gcs_45_clean,,3.552,6.4,Könnte ohne unsere Unterstützung nicht weiter existieren.,-0.3555329396174504,0.8571428571428571,77.79082489013672,0.9930616851603047,0.023859230801463127
/home/marlow/Documents/GCS_Speech_Thesis/data/test_set/gcs_45/common_voice_de_21979118.mp3,gcs_45_clean,,0.544,1.216,Die ist aber reich.,-1.0815483729044597,1.0,223.41615295410156,0.9992293885775975,0.03262080252170563
/home/marlow/Documents/GCS_Speech_Thesis/data/test_set/gcs_45/common_voice_de_21979118.mp3,gcs_45_clean,,1.408,2.144,und dann mal was.,-0.8349877670407295,1.0,225.69029235839844,0.9999496159346207,0.09169229865074158
/home/marlow/Documents/GCS_Speech_Thesis/data/test_set/gcs_45/common_voice_de_21979118.mp3,gcs_45_clean,,2.208,3.008,Diesen Anzahlen.,-0.6823550330268012,1.0,819.1558837890625,0.9991813516616821,0.06157328188419342
/home/marlow/Documents/GCS_Speech_Thesis/data/test_set/gcs_45/common_voice_de_18873897.mp3,gcs_45_clean,,0.544,2.4,Die jenen Organe sieht dann bereits aus.,-0.753424699489887,0.8571428571428571,2908.32275390625,0.9813429764632521,0.047935713082551956
/home/marlow/Documents/GCS_Speech_Thesis/data/test_set/gcs_45/common_voice_de_20842030.mp3,gcs_45_clean,,0.864,3.328,Er starrt zwei Jahre später in Mosk.,-0.5904762659754071,0.7142857142857143,457.8659362792969,0.8208877194866344,0.0408666767179966
/home/marlow/Documents/GCS_Speech_Thesis/data/test_set/gcs_45/common_voice_de_20842030.mp3,gcs_45_clean,,3.36,3.872,Go!,-0.931711483001709,0.0,121.04341125488281,0.696779708378017,0.15670189261436462
/home/marlow/Documents/GCS_Speech_Thesis/data/test_set/gcs_45/common_voice_de_17508203.mp3,gcs_45_clean,,0.832,3.584,Ich musste lange in Leipzig warten.,-0.4735042800505956,0.8333333333333334,155.01803588867188,0.9694832721075346,0.0032406277023255825
/home/marlow/Documents/GCS_Speech_Thesis/data/test_set/gcs_45/common_voice_de_17329192.mp3,gcs_45_clean,,1.216,3.84,als Zwischenstopp auf der Route einfüben.,-0.3673048575719198,0.5,308.3692626953125,0.9775286772992553,0.007366325706243515
/home/marlow/Documents/GCS_Speech_Thesis/data/test_set/gcs_45/common_voice_de_37833576.mp3,gcs_45_clean,,0.864,3.04,Dies filmierte zunächst als,-0.7028771506415473,0.75,5845.48974609375,0.9603628183112425,0.006815706845372915
/home/marlow/Documents/GCS_Speech_Thesis/data/test_set/gcs_45/common_voice_de_37833576.mp3,gcs_45_clean,,3.136,5.28,Pinguin Liquid Orchestra.,-0.7323082288106283,0.3333333333333333,1931.6552734375,0.9612081304414949,0.01698790118098259
/home/marlow/Documents/GCS_Speech_Thesis/data/test_set/gcs_45/common_voice_de_18793156.mp3,gcs_45_clean,,0.672,1.184,Adochlist.,-1.2002171107700892,0.0,47863.6484375,0.9966791234910488,0.07583186030387878
/home/marlow/Documents/GCS_Speech_Thesis/data/test_set/gcs_45/common_voice_de_18793156.mp3,gcs_45_clean,,1.312,3.328,ihre Bahn vorausberechnen und sie.,-0.4051061953817095,1.0,174.8334197998047,0.9972117618908958,0.023060256615281105
/home/marlow/Documents/GCS_Speech_Thesis/data/test_set/gcs_45/common_voice_de_18793156.mp3,gcs_45_clean,,3.36,3.808,können ab.,-1.0589430729548137,1.0,313.4420166015625,0.9830877184867859,0.121442049741745
/home/marlow/Documents/GCS_Speech_Thesis/data/test_set/gcs_45/common_voice_de_18793156.mp3,gcs_45_clean,,3.84,4.768,gefangen werden.,-0.5073903117861066,1.0,8.939892768859863,0.9860498864075233,0.27100318670272827
/home/marlow/Documents/GCS_Speech_Thesis/data/test_set/gcs_45/common_voice_de_21078860.mp3,gcs_45_clean,,0.704,3.328,Er prägt den Begriff der weißen Allkeider.,-0.5056610668406767,0.8571428571428571,743.6062622070312,0.9722526793072863,0.008242097683250904
/home/marlow/Documents/GCS_Speech_Thesis/data/test_set/gcs_45/common_voice_de_36169391.mp3,gcs_45_clean,,0.288,3.648,Die Abgrenzungen dieser beiden Vorgehensweisen sind fließend.,-0.3742960587143898,0.7142857142857143,32.96843719482422,0.9788890588851202,0.03861617296934128
/home/marlow/Documents/GCS_Speech_Thesis/data/test_set/gcs_45/common_voice_de_20430017.mp3,gcs_45_clean,,0.64,5.184,Er solte auf die Gebünsster haben Temperaturen eingestellt werden.,-0.6236080328623453,0.6666666666666666,889.9169921875,0.9829971840683843,0.013186709024012089
/home/marlow/Documents/GCS_Speech_Thesis/data/test_set/gcs_45/common_voice_de_27656900.mp3,gcs_45_clean,,0.576,4.768,"Ich betone jedoch, dass es sich hierbei lediglich um Fragen handelte.",-0.26500931788574567,1.0,17.946136474609375,0.9975678315599457,0.003332949709147215
/home/marlow/Documents/GCS_Speech_Thesis/data/test_set/gcs_45/common_voice_de_28893541.mp3,gcs_45_clean,,0.384,2.272,Stattdessen lichen die Gäste zu halten.,-0.3604303579777479,0.6666666666666666,475.258056640625,0.9855681991173049,0.006600275170058012
/home/marlow/Documents/GCS_Speech_Thesis/data/test_set/gcs_45/common_voice_de_28893541.mp3,gcs_45_clean,,2.304,3.008,Zeit aus.,-0.7615670561790466,1.0,82.46449279785156,0.9981065798889507,0.3084466755390167
/home/marlow/Documents/GCS_Speech_Thesis/data/test_set/gcs_45/common_voice_de_35086352.mp3,gcs_45_clean,,1.088,6.112,So stellt diese Substanzklasse für einen Großteil der infizierten Keinerwirkungsvolle Terrap.,-0.31603498437574934,0.6363636363636364,1231.8695068359375,0.9972511590666072,0.028960710391402245
/home/marlow/Documents/GCS_Speech_Thesis/data/test_set/gcs_45/common_voice_de_35086352.mp3,gcs_45_clean,,6.176,6.432,... und ...,-1.4753097295761108,1.0,210.98611450195312,0.9985824376344681,0.5592100620269775
/home/marlow/Documents/GCS_Speech_Thesis/data/test_set/gcs_45/common_voice_de_35086352.mp3,gcs_45_clean,,6.496,7.104,Schöntar.,-0.9701721966266632,0.0,56487.26953125,0.9994540716472425,0.4058133661746979
/home/marlow/Documents/GCS_Speech_Thesis/data/test_set/gcs_45/common_voice_de_18474539.mp3,gcs_45_clean,,0.064,3.616,Jedenfalls verschlüsselt dieses System automatisch.,-0.3691792607307434,0.8,287.7088928222656,0.9496323068936666,0.0007390357204712927
/home/marlow/Documents/GCS_Speech_Thesis/data/test_set/gcs_45/common_voice_de_25554330.mp3,gcs_45_clean,,0.704,3.84,da die Situation die äußerste Grenze erreicht hat bleibt.,-0.3529651305254768,0.8888888888888888,168.52743530273438,0.9544668949722331,0.004517382942140102
/home/marlow/Documents/GCS_Speech_Thesis/data/test_set/gcs_45/common_voice_de_25554330.mp3,gcs_45_clean,,4.064,4.288,Das ist nicht so.,-1.6062414944171906,1.0,17.12799835205078,0.9520599927221026,0.5885108113288879
/home/marlow/Documents/GCS_Speech_Thesis/data/test_set/gcs_45/common_voice_de_25554330.mp3,gcs_45_clean,,4.32,4.736,und dann kann man sich auch nicht mehr anzuschauen.,-1.5520514524899995,1.0,46.575557708740234,0.9931562313666711,0.5124582052230835
/home/marlow/Documents/GCS_Speech_Thesis/data/test_set/gcs_45/common_voice_de_20036670.mp3,gcs_45_clean,,0.352,6.4,Er besigte dabei in Waschau im Bandangewicht den Finnen weh Nöll-Jerven-Pay nach Pouten.,-0.7910400983449575,0.5384615384615384,3181.227783203125,0.9910193681716919,0.0004780125746037811
/home/marlow/Documents/GCS_Speech_Thesis/data/test_set/gcs_45/common_voice_de_26152160.mp3,gcs_45_clean,,0.544,2.208,Er verkauft trathlose Produkt.,-0.5930881003538767,0.5,11036.958984375,0.9854740615074451,0.008413362316787243
/home/marlow/Documents/GCS_Speech_Thesis/data/test_set/gcs_45/common_voice_de_26152160.mp3,gcs_45_clean,,2.24,3.136,der und roter.,-0.5817464590072632,1.0,711.87548828125,0.9619342046124595,0.06618988513946533
/home/marlow/Documents/GCS_Speech_Thesis/data/test_set/gcs_45_noisy/common_voice_de_17361853_noise_7965-3-16-0_snr5.wav,gcs_45_noisy,5.0,0.0,2.736,Er weiß uns besser da tut.,-0.5694109261035919,1.0,1909.2099609375,0.6042331381765909,0.017742102965712547
/home/marlow/Documents/GCS_Speech_Thesis/data/test_set/gcs_45_noisy/common_voice_de_20263747_noise_22973-3-0-0_snr10.wav,gcs_45_noisy,10.0,0.0,6.024,Entstanden ist sie im innen der langen Söhne vorhechenden basalt.,-0.5502831728562064,0.8,770.5813598632812,0.7681491967012228,0.019912781193852425
/home/marlow/Documents/GCS_Speech_Thesis/data/test_set/gcs_45_noisy/common_voice_de_26916127_noise_6902-2-0-9_snr5.wav,gcs_45_noisy,5.0,0.0,3.816,"Ich bin auch Kirchen, Stadtteilen und Parks gespielt.",-0.7319175495820887,0.625,1238.221435546875,0.72162558278845,0.0319041945040226
/home/marlow/Documents/GCS_Speech_Thesis/data/test_set/gcs_45_noisy/common_voice_de_25640194_noise_17486-3-1-0_snr-5.wav,gcs_45_noisy,-5.0,0.0,4.284,"Es wäre ein Payne, der fürchte Kabilder hat.",-1.428183162913603,0.75,2767.380126953125,0.8495780864535872,0.12694121897220612
/home/marlow/Documents/GCS_Speech_Thesis/data/test_set/gcs_45_noisy/common_voice_de_17860897_noise_14772-7-0-0_snr5.wav,gcs_45_noisy,5.0,0.0,5.424,wegen einer herren Losen-Darmtasche brach Panik aus und der Bahnhof blieb überkuliert.,-0.6838221605867147,0.5833333333333334,955.3321533203125,0.7364207560367718,0.057883840054273605
/home/marlow/Documents/GCS_Speech_Thesis/data/test_set/gcs_45_noisy/common_voice_de_18566642_noise_6902-2-0-9_snr0.wav,gcs_45_noisy,0.0,0.0,2.592,Hier ist noch zu den Zollen hier.,-1.0127785756037786,1.0,153.4304656982422,0.7314978143499221,0.052506767213344574
/home/marlow/Documents/GCS_Speech_Thesis/data/test_set/gcs_45_noisy/common_voice_de_22209491_noise_14772-7-0-0_snr5.wav,gcs_45_noisy,5.0,0.0,4.776,Eine Busverbindung binden den Ort an die Nachbargemeinplan.,-0.6257686803215429,0.625,879.9249877929688,0.7345297139293204,0.02671349048614502
/home/marlow/Documents/GCS_Speech_Thesis/data/test_set/gcs_45_noisy/common_voice_de_22209491_noise_14772-7-0-0_snr0.wav,gcs_45_noisy,0.0,0.0,4.776,Eine russverbindung mit dem Fort und die Nachfolge meinten an.,-0.937813917795817,0.9,1926.8255615234375,0.6895905027973155,0.04993322491645813
/home/marlow/Documents/GCS_Speech_Thesis/data/test_set/gcs_45_noisy/common_voice_de_32864437_noise_6902-2-0-9_snr5.wav,gcs_45_noisy,5.0,0.0,4.104,Dabei kamen vier Besatzungsmitglieder am Szenen.,-0.5349168876806895,0.6666666666666666,1139.6793212890625,0.7178813802699248,0.012721634469926357
/home/marlow/Documents/GCS_Speech_Thesis/data/test_set/gcs_45_noisy/common_voice_de_18696465_noise_17486-3-1-0_snr-5.wav,gcs_45_noisy,-5.0,0.0,4.152,Ich habe noch eine Art Shyamper.,-1.3247728447119396,0.6666666666666666,629.265869140625,0.8668795669308076,0.2909884750843048
/home/marlow/Documents/GCS_Speech_Thesis/data/test_set/gcs_45_noisy/common_voice_de_22088142_noise_7965-3-16-0_snr10.wav,gcs_45_noisy,10.0,0.032,2.736,Neun.,-0.7854189972082773,1.0,113.77452087402344,0.13742437636760502,0.27984029054641724
/home/marlow/Documents/GCS_Speech_Thesis/data/test_set/gcs_45_noisy/common_voice_de_18096265_noise_34871-3-9-0_snr10.wav,gcs_45_noisy,10.0,0.0,6.84,Geografischer und man geht es schon in Ordpul der Erde befinden sich nicht am gleichen Ort.,-0.6094275856018067,0.875,338.2159729003906,0.6138103682514896,0.006476262118667364
/home/marlow/Documents/GCS_Speech_Thesis/data/test_set/gcs_45_noisy/common_voice_de_37315007_noise_39857-5-3-0_snr0.wav,gcs_45_noisy,0.0,0.0,6.12,Und die Kante ist zu schenzen.,-1.13803699357169,0.8333333333333334,768.3319091796875,0.5871157813138174,0.42194685339927673
/home/marlow/Documents/GCS_Speech_Thesis/data/test_set/gcs_45_noisy/common_voice_de_26009575_noise_34871-3-9-0_snr-5.wav,gcs_45_noisy,-5.0,0.0,5.472,"einen zerbrochen Steck, die an einen Kaufen befestigt ist, könnte ich es sein.",-0.8686518859863281,1.0,411.99072265625,0.5139313431603736,0.05279730260372162
/home/marlow/Documents/GCS_Speech_Thesis/data/test_set/gcs_45_noisy/common_voice_de_21349834_noise_6902-2-0-9_snr0.wav,gcs_45_noisy,0.0,0.0,6.984,"Nach meiner Auflassung, unten nicht, mit dem Redebeisrag und unhebenen Konzept.",-1.0013804985926702,0.6363636363636364,802.2149047851562,0.7149240055661563,0.05516716465353966
/home/marlow/Documents/GCS_Speech_Thesis/data/test_set/gcs_45_noisy/common_voice_de_17722131_noise_14772-7-0-0_snr15.wav,gcs_45_noisy,15.0,0.0,2.432,Abmarschen gefühlen.,-0.981372594833374,0.0,2000.62109375,0.11362704403884556,0.5144347548484802
/home/marlow/Documents/GCS_Speech_Thesis/data/test_set/gcs_45_noisy/common_voice_de_17508203_noise_39857-5-3-0_snr10.wav,gcs_45_noisy,10.0,0.0,3.864,Ich musste lange in Leipzig warten.,-0.6112793038288752,0.8333333333333334,155.01803588867188,0.6452337647942165,0.06136757880449295
/home/marlow/Documents/GCS_Speech_Thesis/data/test_set/gcs_45_noisy/common_voice_de_17860897_noise_14772-7-0-0_snr-5.wav,gcs_45_noisy,-5.0,0.0,5.424,"In einer Hände wo die Kammtrasche passen,",-1.0157188948462992,0.7142857142857143,10523.3974609375,0.2516685798901188,0.3628193140029907
/home/marlow/Documents/GCS_Speech_Thesis/data/test_set/gcs_45_noisy/common_voice_de_31015741_noise_22973-3-0-0_snr-5.wav,gcs_45_noisy,-5.0,0.0,8.1,Die Christus-Bier-Standard-Standard,-1.0603279314543073,0.5,818.6013793945312,0.07915407952389178,0.2320156842470169
/home/marlow/Documents/GCS_Speech_Thesis/data/test_set/gcs_45_noisy/common_voice_de_36917754_noise_14772-7-0-0_snr10.wav,gcs_45_noisy,10.0,0.0,6.24,Die beiden Sehen befinden sie kbolcht in die innerhalb des Staunters biring mit Zunaltpots.,-0.8236635964492272,0.7142857142857143,3278.76611328125,0.6508635228971401,0.05322340503334999
/home/marlow/Documents/GCS_Speech_Thesis/data/test_set/gcs_45_noisy/common_voice_de_36917754_noise_14772-7-0-0_snr10.wav,gcs_45_noisy,10.0,6.272,10.016,der zum Tee war hier pro Namen Weltnaturerbe gehört.,-0.6871698042925667,0.6666666666666666,2101.895263671875,0.8165874486056786,0.006050251889973879
/home/marlow/Documents/GCS_Speech_Thesis/data/test_set/gcs_45_noisy/common_voice_de_22209491_noise_14772-7-0-0_snr-5.wav,gcs_45_noisy,-5.0,0.0,4.776,"Eine Brust verbilden auf die Klinik fort, und die Klinik verbilden auf die Klinik.",-1.1861720204353332,0.5714285714285714,180.9634552001953,0.40499249631073325,0.35102730989456177
/home/marlow/Documents/GCS_Speech_Thesis/data/test_set/gcs_45_noisy/common_voice_de_22088142_noise_7965-3-16-0_snr0.wav,gcs_45_noisy,0.0,0.0,2.736,Neun.,-0.9242909153302511,1.0,113.77452087402344,0.14999959851919029,0.2211136370897293
/home/marlow/Documents/GCS_Speech_Thesis/data/test_set/gcs_45_noisy/common_voice_de_22088142_noise_7965-3-16-0_snr5.wav,gcs_45_noisy,5.0,0.0,2.736,Neun.,-0.7998166978359222,1.0,113.77452087402344,0.1597915736635704,0.27099713683128357
/home/marlow/Documents/GCS_Speech_Thesis/data/test_set/gcs_45_noisy/common_voice_de_38534807_noise_39857-5-3-0_snr10.wav,gcs_45_noisy,10.0,0.0,5.076,Dieser Schrein wird von den Shiitmen als heilig betrachtet.,-0.40501077969868976,0.7777777777777778,51.78717803955078,0.6662040507499972,0.01439280342310667
/home/marlow/Documents/GCS_Speech_Thesis/data/test_set/gcs_45_noisy/common_voice_de_17722131_noise_14772-7-0-0_snr10.wav,gcs_45_noisy,10.0,0.0,2.464,Abmarschen und gefühlen.,-1.1514687637488048,0.3333333333333333,1779.540283203125,0.1498796497384697,0.3605891168117523
/home/marlow/Documents/GCS_Speech_Thesis/data/test_set/gcs_45_noisy/common_voice_de_32150152_noise_22973-3-0-0_snr-5.wav,gcs_45_noisy,-5.0,0.0,6.876,"Das Erkennung der Tiefheben-Bahemmesser der Butter,",-1.1828427170262192,0.6666666666666666,1482.7791748046875,0.29845409890052016,0.1318490356206894
/home/marlow/Documents/GCS_Speech_Thesis/data/test_set/gcs_45_noisy/common_voice_de_19851717_noise_22973-3-0-0_snr0.wav,gcs_45_noisy,0.0,0.0,6.216,"Ein Gemeinderat wurde gebildet, zu densen und Bürgerschaft bewaschen hätten sich.",-0.7291172218322753,0.6363636363636364,2149.2177734375,0.5286693994627477,0.0670907199382782
/home/marlow/Documents/GCS_Speech_Thesis/data/test_set/gcs_45_noisy/common_voice_de_18270452_noise_14772-7-0-0_snr5.wav,gcs_45_noisy,5.0,0.0,3.432,Er kennt die andere Seite.,-0.6422997580634223,0.8,43.487098693847656,0.3289451625303762,0.03520306572318077
/home/marlow/Documents/GCS_Speech_Thesis/data/test_set/gcs_45_noisy/common_voice_de_36704392_noise_22973-3-0-0_snr0.wav,gcs_45_noisy,0.0,0.0,5.076,Zahnarische Enten nutzen den Seel für den Strom.,-1.1397053213680493,0.5,2832.394775390625,0.23503500102404062,0.10603025555610657
/home/marlow/Documents/GCS_Speech_Thesis/data/test_set/gcs_45_noisy/common_voice_de_40232357_noise_34871-3-9-0_snr5.wav,gcs_45_noisy,5.0,0.0,6.588,"Andererseits waren diese Berufepassabe bezahlt, da sie besonders belastend waren.",-0.37633563124615216,0.9,328.33782958984375,0.8116294631516353,0.00464096711948514
/home/marlow/Documents/GCS_Speech_Thesis/data/test_set/gcs_45_noisy/common_voice_de_22209491_noise_14772-7-0-0_snr15.wav,gcs_45_noisy,15.0,0.0,4.776,Eine Busverbindung bin den Ort an die Nachbargemein Land.,-0.4377958443429735,0.5555555555555556,1347.707275390625,0.6858581685849156,0.003246554872021079
/home/marlow/Documents/GCS_Speech_Thesis/data/test_set/gcs_45_noisy/common_voice_de_19851717_noise_22973-3-0-0_snr10.wav,gcs_45_noisy,10.0,0.0,6.216,"Ein Gemeinderat wurde gebildet, Studenten und Bürgerschaft bewaffneten sich.",-0.32347330580586975,0.6666666666666666,349.3180236816406,0.6380653658247096,0.011685948818922043
/home/marlow/Documents/GCS_Speech_Thesis/data/test_set/gcs_45_noisy/common_voice_de_18457737_noise_14772-7-0-0_snr10.wav,gcs_45_noisy,10.0,0.0,3.744,Hier gibt es einen Fachbetritt für diese Art von Sprachfehler.,-0.5714936444633886,0.7,136.00686645507812,0.7671597546253067,0.008155550807714462
/home/marlow/Documents/GCS_Speech_Thesis/data/test_set/gcs_45_noisy/common_voice_de_18696465_noise_17486-3-1-0_snr15.wav,gcs_45_noisy,15.0,0.0,4.152,Ein Loch in der Herzscheidewand soll operativ beschlossen werden.,-0.4140471749835544,0.7777777777777778,51.8775749206543,0.7421741140003387,0.022994711995124817
/home/marlow/Documents/GCS_Speech_Thesis/data/test_set/gcs_45_noisy/common_voice_de_22330315_noise_34871-3-9-0_snr0.wav,gcs_45_noisy,0.0,0.0,6.096,Zudem vernechtete ein Brand einige von Comp Tors entwirven.,-0.6679065454573858,0.4444444444444444,1579.270751953125,0.5489554857670683,0.03771812468767166
/home/marlow/Documents/GCS_Speech_Thesis/data/test_set/gcs_45_noisy/common_voice_de_41195788_noise_39857-5-3-0_snr10.wav,gcs_45_noisy,10.0,0.0,3.6,Der Turm hat eine geschweifte Haube.,-0.49721626440684,0.6666666666666666,15.483329772949219,0.6193550632580439,0.15801198780536652
/home/marlow/Documents/GCS_Speech_Thesis/data/test_set/gcs_45_noisy/common_voice_de_17665537_noise_14772-7-0-0_snr10.wav,gcs_45_noisy,10.0,0.0,3.744,Ist der dünn Teil auch so sehenswert wie die ersten zwei?,-0.7380610525608062,1.0,183.31167602539062,0.6682523070624632,0.08399736881256104
/home/marlow/Documents/GCS_Speech_Thesis/data/test_set/gcs_45_noisy/common_voice_de_17665334_noise_34871-3-9-0_snr15.wav,gcs_45_noisy,15.0,0.032,4.896,"Dem Schokenstaat ist es offenbar gelungen, Waffenfähigspeltonium anzureichern.",-0.4369470662084119,0.75,1132.5279541015625,0.8077987644415101,0.0031257919035851955
/home/marlow/Documents/GCS_Speech_Thesis/data/test_set/gcs_45_noisy/common_voice_de_37833576_noise_7965-3-16-0_snr15.wav,gcs_45_noisy,15.0,0.032,6.516,Dies filmiert uns zunächst als Pingouin Liquid Orchestra.,-0.7423901371657848,0.625,1130.3984375,0.6261992516854733,0.025680791586637497
/home/marlow/Documents/GCS_Speech_Thesis/data/test_set/gcs_45_noisy/common_voice_de_20430017_noise_6902-2-0-9_snr15.wav,gcs_45_noisy,15.0,0.544,5.824,Er sollte auf die Gewünsteramte Temperatur eingestellt werden.,-0.5747519919746801,0.75,624.8531494140625,0.8189250324605823,0.006915544159710407
/home/marlow/Documents/GCS_Speech_Thesis/data/test_set/gcs_45_noisy/common_voice_de_18889883_noise_14772-7-0-0_snr15.wav,gcs_45_noisy,15.0,0.032,3.072,Wir lösen die Hextagieter für diese Nutzung.,-1.258284072081248,0.7142857142857143,3051.919921875,0.7221246200834254,0.22134773433208466
/home/marlow/Documents/GCS_Speech_Thesis/data/test_set/gcs_45_noisy/common_voice_de_25912678_noise_6902-2-0-9_snr5.wav,gcs_45_noisy,5.0,0.0,7.632,Zum Anlesen gehört Antarassenfirmlich an die Ripp der Garten der Inseien-Design,-1.1898173067880713,0.5454545454545454,4975.63427734375,0.7060948240911811,0.03856653720140457
/home/marlow/Documents/GCS_Speech_Thesis/data/test_set/gcs_45_noisy/common_voice_de_21979118_noise_17486-3-1-0_snr0.wav,gcs_45_noisy,0.0,0.0,4.44,Die ist auf den Weg.,-1.0525170494528377,1.0,54.97270965576172,0.692431868723989,0.3306891620159149
/home/marlow/Documents/GCS_Speech_Thesis/data/test_set/gcs_45_noisy/common_voice_de_32219002_noise_34871-3-9-0_snr10.wav,gcs_45_noisy,10.0,0.0,5.328,Der Hintergrund davon ist die schrittweise Veränderung der langen Masse.,-0.2635267802647182,0.7,324.8875732421875,0.7092884261567846,0.010948266834020615
/home/marlow/Documents/GCS_Speech_Thesis/data/test_set/gcs_45_noisy/common_voice_de_19550651_noise_15544-5-0-3_snr10.wav,gcs_45_noisy,10.0,0.0,3.288,Rein hat es verheiratet und hat zwei Kinder.,-0.44711812399327755,0.875,45.57439041137695,0.5682228787042635,0.03629985824227333
/home/marlow/Documents/GCS_Speech_Thesis/data/test_set/gcs_45_noisy/common_voice_de_23606125_noise_14772-7-0-0_snr10.wav,gcs_45_noisy,10.0,0.0,4.224,"Die müssen sicherstellen, dass jeder seine paar Antworten direkt geht.",-0.7491854760381911,1.0,351.1308288574219,0.4547142703412316,0.1250525265932083
/home/marlow/Documents/GCS_Speech_Thesis/data/test_set/gcs_45_noisy/common_voice_de_19550651_noise_15544-5-0-3_snr5.wav,gcs_45_noisy,5.0,0.0,3.288,Rhein hat es Rhein rattet und hat zwei Kälner.,-0.7321607313658062,0.5555555555555556,2534.677001953125,0.5936604178063029,0.05943179503083229
/home/marlow/Documents/GCS_Speech_Thesis/data/test_set/gcs_45_noisy/common_voice_de_37315007_noise_39857-5-3-0_snr10.wav,gcs_45_noisy,10.0,0.0,6.12,Die Schule besitzt mit den Quasit-Tipschatz eine eigenen Auslärmgebülle zu bänden.,-0.572078688070178,0.7272727272727273,1203.00390625,0.795549890101635,0.052452508360147476
/home/marlow/Documents/GCS_Speech_Thesis/data/test_set/gcs_45_noisy/common_voice_de_35086352_noise_14772-7-0-0_snr5.wav,gcs_45_noisy,5.0,0.0,8.028,So stellt diese Substanzklasse für einen Großteil der infizierten feiner Wettungsvolle Therapie aufzunehmen.,-0.6025590728968382,0.6923076923076923,3411.716064453125,0.6962630709348454,0.054532770067453384
/home/marlow/Documents/GCS_Speech_Thesis/data/test_set/gcs_45_noisy/common_voice_de_17665537_noise_14772-7-0-0_snr-5.wav,gcs_45_noisy,-5.0,0.0,4.056,Ist das der Teile?,-1.2708994087420011,1.0,223.3529815673828,0.3755578542949529,0.4101906418800354
/home/marlow/Documents/GCS_Speech_Thesis/data/test_set/gcs_45_noisy/common_voice_de_20403220_noise_34871-3-9-0_snr5.wav,gcs_45_noisy,5.0,0.0,7.344,Die Verwendung der Begriffe spielt Stein und Spielfigur ist nicht eindeutig.,-0.24250879138708115,0.7272727272727273,428.521484375,0.6539281150427364,0.09797986596822739
/home/marlow/Documents/GCS_Speech_Thesis/data/test_set/gcs_45_noisy/common_voice_de_23851939_noise_39857-5-3-0_snr10.wav,gcs_45_noisy,10.0,0.0,4.368,"aus diesem Grund, das ist sinnvoll von Funktionen der Winke zu sprechen.",-0.497044495173863,0.8333333333333334,217.45156860351562,0.6684394656378014,0.04869835451245308
/home/marlow/Documents/GCS_Speech_Thesis/data/test_set/gcs_45_noisy/common_voice_de_40161068_noise_22973-3-0-0_snr15.wav,gcs_45_noisy,15.0,0.512,4.416,Hier wird gewissermaßen auf Nils Reiser mit den Fügeln angespielt.,-0.4170138172127984,0.7,645.59130859375,0.8865656038807308,0.0008106817840598524
/home/marlow/Documents/GCS_Speech_Thesis/data/test_set/gcs_45_noisy/common_voice_de_27994620_noise_6902-2-0-9_snr15.wav,gcs_45_noisy,15.0,0.768,4.096,Wir brauchen nur einen Tansiet schwerverkehrsverbot.,-0.4380345344543457,0.6666666666666666,4648.09130859375,0.8537483796513138,0.09027574956417084
/home/marlow/Documents/GCS_Speech_Thesis/data/test_set/gcs_45_noisy/common_voice_de_22751424_noise_39857-5-3-0_snr0.wav,gcs_45_noisy,0.0,0.0,8.688,Haupt- und Vidaldeck-Kolle von der Vision der Erste-Worgel von Johan von Rathmöller.,-1.1690162174841936,0.5,498.1932373046875,0.5370687873510178,0.32627806067466736
/home/marlow/Documents/GCS_Speech_Thesis/data/test_set/gcs_45_noisy/common_voice_de_22120676_noise_15544-5-0-3_snr0.wav,gcs_45_noisy,0.0,0.0,1.656,Ja.,-0.6643299102783203,1.0,3.881849765777588,0.14784657110934718,0.2405739724636078
/home/marlow/Documents/GCS_Speech_Thesis/data/test_set/gcs_45_noisy/common_voice_de_18696465_noise_17486-3-1-0_snr10.wav,gcs_45_noisy,10.0,0.0,4.152,Ein Loch in der Herzscheidewand soll operativ beschlossen werden.,-0.42326702839798397,0.7777777777777778,51.8775749206543,0.7336217676898321,0.013616102747619152
/home/marlow/Documents/GCS_Speech_Thesis/data/test_set/gcs_45_noisy/common_voice_de_36704392_noise_22973-3-0-0_snr-5.wav,gcs_45_noisy,-5.0,0.0,5.076,Zahle von AP und Extendenzielle für den Sprung.,-1.3050807846917047,0.625,743.4864501953125,0.003169711982625344,0.2209467589855194
/home/marlow/Documents/GCS_Speech_Thesis/data/test_set/gcs_45_noisy/common_voice_de_22120676_noise_15544-5-0-3_snr-5.wav,gcs_45_noisy,-5.0,0.0,1.656,Ja.,-0.6409427642822265,1.0,3.881849765777588,0.02489902226191659,0.27948397397994995
/home/marlow/Documents/GCS_Speech_Thesis/data/test_set/gcs_45_noisy/common_voice_de_26035885_noise_15544-5-0-3_snr15.wav,gcs_45_noisy,15.0,0.032,5.056,"Er war der vorletzte professionelle Eishocketvorwort, der ohne Maske gespielt hat.",-0.6693495007661673,0.8181818181818182,131.66847229003906,0.7011064503973439,0.0219915509223938
/home/marlow/Documents/GCS_Speech_Thesis/data/test_set/gcs_45_noisy/common_voice_de_36169391_noise_7965-3-16-0_snr0.wav,gcs_45_noisy,0.0,0.0,4.464,Die Abgeordnete sind in dieser beiden 4G-2 ganz in Klissen.,-1.0742921710014344,0.8,1868.60791015625,0.760715324983799,0.06840639561414719
/home/marlow/Documents/GCS_Speech_Thesis/data/test_set/gcs_45_noisy/common_voice_de_18877643_noise_39857-5-3-0_snr-5.wav,gcs_45_noisy,-5.0,0.0,6.456,"Die Eiffelkarte ist nicht schädig, die Eiffelkarte ist nicht schädig.",-1.4939940682163946,0.6,58.188140869140625,0.039651648324999574,0.4692709147930145
/home/marlow/Documents/GCS_Speech_Thesis/data/test_set/gcs_45_noisy/common_voice_de_27654422_noise_15544-5-0-3_snr-5.wav,gcs_45_noisy,-5.0,0.0,6.516,"Wenn ich die Echseckung schaue,",-0.8943222212791443,0.8,594.546142578125,0.1425584966495722,0.34079986810684204
/home/marlow/Documents/GCS_Speech_Thesis/data/test_set/gcs_45_noisy/common_voice_de_17508203_noise_39857-5-3-0_snr0.wav,gcs_45_noisy,0.0,0.0,3.864,Ich musste lange vielleicht nicht warten.,-0.8807060122489929,1.0,426.6058349609375,0.30027834952795446,0.13446052372455597
/home/marlow/Documents/GCS_Speech_Thesis/data/test_set/gcs_45_noisy/common_voice_de_31015741_noise_22973-3-0-0_snr15.wav,gcs_45_noisy,15.0,0.64,8.1,Die Christosgierche ist am Backstrandbau im Stil der Neugotik mit klassisces zwischen Elmeringen.,-0.6029466949403286,0.5384615384615384,2097.695068359375,0.6814570751226617,0.03736376017332077
/home/marlow/Documents/GCS_Speech_Thesis/data/test_set/gcs_45_noisy/common_voice_de_17329192_noise_22973-3-0-0_snr-5.wav,gcs_45_noisy,-5.0,0.0,4.584,Als Zwischelstock auf der Finde einfiebe.,-1.0455889999866486,0.6666666666666666,1575.484375,0.3158902549233365,0.2800338566303253
/home/marlow/Documents/GCS_Speech_Thesis/data/test_set/gcs_45_noisy/common_voice_de_20430017_noise_6902-2-0-9_snr0.wav,gcs_45_noisy,0.0,0.0,5.832,Er sollte auf die Gebünsteraumtemperatur eingestellt werden.,-0.5717434883117676,0.8571428571428571,457.92706298828125,0.6359372850395536,0.06414353102445602
/home/marlow/Documents/GCS_Speech_Thesis/data/test_set/gcs_45_noisy/common_voice_de_18793156_noise_14772-7-0-0_snr15.wav,gcs_45_noisy,15.0,0.032,1.184,Das ist der Toffless.,-1.13490389585495,0.75,266.8079833984375,0.4135285752547336,0.29187121987342834
/home/marlow/Documents/GCS_Speech_Thesis/data/test_set/gcs_45_noisy/common_voice_de_18793156_noise_14772-7-0-0_snr15.wav,gcs_45_noisy,15.0,1.248,4.896,Ihre Bahn vorausberechnen und sie können abgefangen werden.,-0.31597003811284113,1.0,108.5450439453125,0.929412489397484,0.011031948029994965
/home/marlow/Documents/GCS_Speech_Thesis/data/test_set/gcs_45_noisy/common_voice_de_17361853_noise_7965-3-16-0_snr0.wav,gcs_45_noisy,0.0,0.0,2.736,"Er weiß nicht, was er da tut.",-0.5517458021640778,1.0,7.548074245452881,0.48827082114998077,0.014894327148795128
/home/marlow/Documents/GCS_Speech_Thesis/data/test_set/gcs_45_noisy/common_voice_de_26009575_noise_34871-3-9-0_snr15.wav,gcs_45_noisy,15.0,0.512,1.664,ein zerbrochenes Schlepp.,-0.5974009732405344,0.6666666666666666,5606.06982421875,0.932860314173417,0.11426885426044464
/home/marlow/Documents/GCS_Speech_Thesis/data/test_set/gcs_45_noisy/common_voice_de_26009575_noise_34871-3-9-0_snr15.wav,gcs_45_noisy,15.0,1.696,4.96,"die an einem Fange-Ringen befestigt ist, kann tödlich sein.",-0.5662743395025079,0.8888888888888888,89.73008728027344,0.879509246962912,0.044554203748703
/home/marlow/Documents/GCS_Speech_Thesis/data/test_set/gcs_45_noisy/common_voice_de_26152160_noise_6902-2-0-9_snr10.wav,gcs_45_noisy,10.0,0.0,4.032,Er verkauft radlose Produkte und Router.,-0.4843889792760213,0.5,633.8641357421875,0.6692547645246137,0.01357125025242567
/home/marlow/Documents/GCS_Speech_Thesis/data/test_set/gcs_45_noisy/common_voice_de_18203073_noise_39857-5-3-0_snr5.wav,gcs_45_noisy,5.0,0.0,3.744,Der Zigarettenautomat will ein Pär so sehen.,-0.599424596875906,0.7142857142857143,1077.323974609375,0.612713211777214,0.051322463899850845
/home/marlow/Documents/GCS_Speech_Thesis/data/test_set/gcs_45_noisy/common_voice_de_26916127_noise_6902-2-0-9_snr-5.wav,gcs_45_noisy,-5.0,0.0,3.816,"Wir werden ja küscht, dass die anderen Packen ausprobieren.",-1.4461210652401573,0.8888888888888888,503.3915710449219,0.42242198667954656,0.3563685119152069
/home/marlow/Documents/GCS_Speech_Thesis/data/test_set/gcs_45_noisy/common_voice_de_23349794_noise_22973-3-0-0_snr0.wav,gcs_45_noisy,0.0,0.0,2.976,Klasse mit dem perfekten,-1.1857991337776184,1.0,183.14724731445312,0.5245280423984294,0.22179345786571503
/home/marlow/Documents/GCS_Speech_Thesis/data/test_set/gcs_45_noisy/common_voice_de_38534807_noise_39857-5-3-0_snr-5.wav,gcs_45_noisy,-5.0,0.0,5.076,"Dieser Schwein wird von den Schilden, die jetzt heimgeblattet haben.",-1.2224004579626995,0.7,320.43609619140625,0.6037379877419217,0.18064922094345093
/home/marlow/Documents/GCS_Speech_Thesis/data/test_set/gcs_45_noisy/common_voice_de_36169391_noise_7965-3-16-0_snr-5.wav,gcs_45_noisy,-5.0,0.0,4.464,Die Abgeordnete und die Zwei-Korienz-Mehring-Krieg sind da.,-1.3754800337332267,0.8571428571428571,1108.353759765625,0.7756430081224868,0.08759716153144836
/home/marlow/Documents/GCS_Speech_Thesis/data/test_set/gcs_45_noisy/common_voice_de_18383909_noise_15544-5-0-3_snr0.wav,gcs_45_noisy,0.0,0.0,5.088,Bei der Montage vom Antennen auf dem Dach ist der Bitschiff zu beachten.,-0.3354443646967411,0.6923076923076923,193.2675018310547,0.7303459856076365,0.03695427626371384
/home/marlow/Documents/GCS_Speech_Thesis/data/test_set/gcs_45_noisy/common_voice_de_21078860_noise_39857-5-3-0_snr15.wav,gcs_45_noisy,15.0,0.032,4.776,Er prägt den Begruf der weißen Allkeiler.,-0.5931050512525771,0.7142857142857143,1584.1580810546875,0.5420221243959604,0.014281521551311016
/home/marlow/Documents/GCS_Speech_Thesis/data/test_set/gcs_45_noisy/common_voice_de_20403220_noise_34871-3-9-0_snr-5.wav,gcs_45_noisy,-5.0,0.0,7.344,Die Verbindung der Begriffe spult stein und spult die Ruhe spult ein Worte.,-1.037058326933119,0.7692307692307693,422.4715270996094,0.2669106327875457,0.26734960079193115
/home/marlow/Documents/GCS_Speech_Thesis/data/test_set/gcs_45_noisy/common_voice_de_17518836_noise_14772-7-0-0_snr5.wav,gcs_45_noisy,5.0,0.0,5.616,"Hier zu langen Stoßen die Vorschläge ist, konnte ich jetzt auch nicht kümmern zu stimmen.",-0.7407445332099651,0.9333333333333333,487.3697204589844,0.5019156828175668,0.08645423501729965
/home/marlow/Documents/GCS_Speech_Thesis/data/test_set/gcs_45_noisy/common_voice_de_18873897_noise_22973-3-0-0_snr-5.wav,gcs_45_noisy,-5.0,0.0,3.48,"Ja, man kann es nicht.",-1.5629882097244263,1.0,17.736478805541992,0.05409380156865104,0.45052340626716614
/home/marlow/Documents/GCS_Speech_Thesis/data/test_set/gcs_45_noisy/common_voice_de_18793156_noise_14772-7-0-0_snr5.wav,gcs_45_noisy,5.0,0.0,5.352,"Wer doch lässt, ihre Bahn vorausberechnen und können abgefangen werden.",-0.6123943870717828,1.0,303.9046325683594,0.5831156867058044,0.14901503920555115
/home/marlow/Documents/GCS_Speech_Thesis/data/test_set/gcs_45_noisy/common_voice_de_17508203_noise_39857-5-3-0_snr15.wav,gcs_45_noisy,15.0,0.0,3.864,Ich muss so lange in Leipzig warten.,-0.550212181531466,0.8571428571428571,80.53181457519531,0.6196606950834394,0.06641268730163574
/home/marlow/Documents/GCS_Speech_Thesis/data/test_set/gcs_45_noisy/common_voice_de_18672345_noise_14772-7-0-0_snr0.wav,gcs_45_noisy,0.0,0.0,4.368,Die war es für Teams in den 60er.,-0.6487357983222375,0.75,211.9822540283203,0.42917011205504657,0.11598974466323853
/home/marlow/Documents/GCS_Speech_Thesis/data/test_set/gcs_45_noisy/common_voice_de_22120676_noise_15544-5-0-3_snr10.wav,gcs_45_noisy,10.0,0.0,1.656,Ja.,-0.6725688934326172,1.0,3.881849765777588,0.15949951014324773,0.12564140558242798
/home/marlow/Documents/GCS_Speech_Thesis/data/test_set/gcs_45_noisy/common_voice_de_18952561_noise_15544-5-0-3_snr10.wav,gcs_45_noisy,10.0,0.0,3.288,"Bye, aber es ist viel besser enttäuscht.",-0.9522148291269938,0.8571428571428571,218.28526306152344,0.5113785103583952,0.08653050661087036
/home/marlow/Documents/GCS_Speech_Thesis/data/test_set/gcs_45_noisy/common_voice_de_18644827_noise_22973-3-0-0_snr10.wav,gcs_45_noisy,10.0,0.0,5.784,Ruhe macht seine ersten Versuchung mit der Blockföte und alle anderen halten sie störend hier.,-0.589973529179891,0.8666666666666667,1016.34033203125,0.691160457911385,0.023669878020882607
/home/marlow/Documents/GCS_Speech_Thesis/data/test_set/gcs_45_noisy/common_voice_de_18660823_noise_34871-3-9-0_snr-5.wav,gcs_45_noisy,-5.0,0.0,3.888,"Mir ist der Vieter, die die Päckselmasen zu spüren.",-1.4254733894182288,0.7777777777777778,662.646728515625,0.641527649316723,0.26790162920951843
/home/marlow/Documents/GCS_Speech_Thesis/data/test_set/gcs_45_noisy/common_voice_de_32864437_noise_6902-2-0-9_snr15.wav,gcs_45_noisy,15.0,0.448,3.712,Dabei kamen vier Besatzungsmitglieder am Leben.,-0.3564171865582466,0.8333333333333334,143.6671600341797,0.8738861607950336,0.0004641862178687006
/home/marlow/Documents/GCS_Speech_Thesis/data/test_set/gcs_45_noisy/common_voice_de_18873897_noise_22973-3-0-0_snr5.wav,gcs_45_noisy,5.0,0.0,3.48,Die jenen Rollanen sind aber gleich großartig.,-1.4281701296567917,0.8571428571428571,11113.693359375,0.44032936136413436,0.20770348608493805
/home/marlow/Documents/GCS_Speech_Thesis/data/test_set/gcs_45_noisy/common_voice_de_18383909_noise_15544-5-0-3_snr10.wav,gcs_45_noisy,10.0,0.0,5.088,Bei der Montage von Antennen auf dem Dach ist der Blitzschutz zu beachten.,-0.20322872636218867,0.6923076923076923,18.584333419799805,0.7306502895951769,0.01773117482662201
/home/marlow/Documents/GCS_Speech_Thesis/data/test_set/gcs_45_noisy/common_voice_de_32864437_noise_6902-2-0-9_snr10.wav,gcs_45_noisy,10.0,0.0,4.104,Dabei kamen vier Besatzungsmitglieder am Leben.,-0.3490209672600031,0.8333333333333334,143.6671600341797,0.6855700469099557,0.00614142743870616
/home/marlow/Documents/GCS_Speech_Thesis/data/test_set/gcs_45_noisy/common_voice_de_19851717_noise_22973-3-0-0_snr5.wav,gcs_45_noisy,5.0,0.0,6.216,"Ein Gemeinderat wurde gebildet, studenten und Bürgerschaft bewaffneten sich.",-0.4303034984547159,0.6666666666666666,460.9151611328125,0.620018941341177,0.027304457500576973
/home/marlow/Documents/GCS_Speech_Thesis/data/test_set/gcs_45_noisy/common_voice_de_18538701_noise_6902-2-0-9_snr-5.wav,gcs_45_noisy,-5.0,0.0,5.496,"Die Raten von Rotterdam, die Sino-Rupe oder die Deutschlands durchschlagplatzlücken gehen.",-1.2043500331140333,0.6363636363636364,1316.1123046875,0.7670115983265258,0.14838433265686035
/home/marlow/Documents/GCS_Speech_Thesis/data/test_set/gcs_45_noisy/common_voice_de_19851717_noise_22973-3-0-0_snr15.wav,gcs_45_noisy,15.0,0.64,4.512,"Ein Gemeinderat wurde gebildet, Studenten und Bürgerschaft.",-0.3622551685885379,0.5714285714285714,341.7135925292969,0.8126558765699492,0.006844718940556049
/home/marlow/Documents/GCS_Speech_Thesis/data/test_set/gcs_45_noisy/common_voice_de_19851717_noise_22973-3-0-0_snr15.wav,gcs_45_noisy,15.0,4.576,6.216,bewaffneten sich.,-0.5143460407853127,1.0,64.19971466064453,0.5193599497590464,0.02537606656551361
/home/marlow/Documents/GCS_Speech_Thesis/data/test_set/gcs_45_noisy/common_voice_de_23362970_noise_34871-3-9-0_snr0.wav,gcs_45_noisy,0.0,0.0,5.832,Sie kann mit entsprechender Nutzlast auch zur elektronischen Kampfführung genutzt werden.,-0.385772696385781,0.8181818181818182,58.85383605957031,0.8324862837160383,0.014777857810258865
/home/marlow/Documents/GCS_Speech_Thesis/data/test_set/gcs_45_noisy/common_voice_de_18070491_noise_15544-5-0-3_snr10.wav,gcs_45_noisy,10.0,0.0,2.208,alle im naa,-1.1001855305262975,0.6666666666666666,1684.168212890625,0.4431515849613841,0.09807326644659042
/home/marlow/Documents/GCS_Speech_Thesis/data/test_set/gcs_45_noisy/common_voice_de_18231553_noise_14772-7-0-0_snr10.wav,gcs_45_noisy,10.0,0.0,2.464,"Ja, komm ich gleich.",-0.6818751758999295,1.0,47.80859375,0.3723883296536167,0.1280534416437149
/home/marlow/Documents/GCS_Speech_Thesis/data/test_set/gcs_45_noisy/common_voice_de_17518836_noise_14772-7-0-0_snr0.wav,gcs_45_noisy,0.0,0.0,5.616,Die Zulande schlosen die Bohrschläge und die Gecks auch nicht zufrieden zufrieden.,-1.0616541730946507,0.6666666666666666,2977.087158203125,0.5146869155834627,0.19338248670101166
/home/marlow/Documents/GCS_Speech_Thesis/data/test_set/gcs_45_noisy/common_voice_de_24224338_noise_34871-3-9-0_snr0.wav,gcs_45_noisy,0.0,0.0,4.86,"Sie geben an, wie sich hier die Lautspezifikation vorgegebenen Ziele erreicht werden.",-0.471551945576301,0.9166666666666666,285.6522521972656,0.7109423350425219,0.018285850062966347
/home/marlow/Documents/GCS_Speech_Thesis/data/test_set/gcs_45_noisy/common_voice_de_22171318_noise_14772-7-0-0_snr5.wav,gcs_45_noisy,5.0,0.0,7.512,"Ich hoffe, dass die Parlament für diesen Prozess der Exklamonisierung auf weiterhin interessiert ist.",-0.8223843955993653,0.7857142857142857,251.19125366210938,0.7335280214931736,0.08594312518835068
/home/marlow/Documents/GCS_Speech_Thesis/data/test_set/gcs_45_noisy/common_voice_de_18228124_noise_14772-7-0-0_snr-5.wav,gcs_45_noisy,-5.0,0.0,3.072,Auf geht's!,-1.415990908940633,0.5,32.266937255859375,0.12792426714925872,0.5460864901542664
/home/marlow/Documents/GCS_Speech_Thesis/data/test_set/gcs_45_noisy/common_voice_de_27994620_noise_6902-2-0-9_snr0.wav,gcs_45_noisy,0.0,0.0,5.076,Ich brauche nur einen tanzen Schwerverkehrsverbot.,-0.9008816679318746,0.8333333333333334,1350.90625,0.4972043963066455,0.0788707286119461
/home/marlow/Documents/GCS_Speech_Thesis/data/test_set/gcs_45_noisy/common_voice_de_23965117_noise_7965-3-16-0_snr10.wav,gcs_45_noisy,10.0,0.032,4.128,In der Fischungzeit wird erlieb danger.,-0.8163861195246379,0.5,1602.584716796875,0.5598213175953788,0.10827650129795074
/home/marlow/Documents/GCS_Speech_Thesis/data/test_set/gcs_45_noisy/common_voice_de_18375683_noise_17486-3-1-0_snr-5.wav,gcs_45_noisy,-5.0,0.0,4.056,Ich hab's ja nicht gelassen.,-1.3995529356456937,0.8,40.42131423950195,0.5326850092933169,0.21646538376808167
/home/marlow/Documents/GCS_Speech_Thesis/data/test_set/gcs_45_noisy/common_voice_de_35086352_noise_14772-7-0-0_snr10.wav,gcs_45_noisy,10.0,0.0,7.52,So stellt diese Substanzklasse für einen Großteil der infizierten feiner weckungsvolle Therapie option da.,-0.40996723373730976,0.6428571428571429,2400.119140625,0.7492892514454496,0.05086967349052429
/home/marlow/Documents/GCS_Speech_Thesis/data/test_set/gcs_45_noisy/common_voice_de_20842030_noise_7965-3-16-0_snr15.wav,gcs_45_noisy,15.0,0.032,4.16,Er starrt zwei Jahre später in Moskau.,-0.5489342927932739,0.7142857142857143,123.75910186767578,0.5630736922043098,0.0814940333366394
/home/marlow/Documents/GCS_Speech_Thesis/data/test_set/gcs_45_noisy/common_voice_de_17665334_noise_34871-3-9-0_snr-5.wav,gcs_45_noisy,-5.0,0.0,4.896,Dem Schopenstaat ist es auf Klavenung Waffenfähigsputronen immer so lecher.,-0.8824883018221173,0.6,7141.9501953125,0.7417203241037973,0.1162671372294426
/home/marlow/Documents/GCS_Speech_Thesis/data/test_set/gcs_45_noisy/common_voice_de_26009575_noise_34871-3-9-0_snr0.wav,gcs_45_noisy,0.0,0.0,5.472,"Ein zerbrochen Schlepp, die an einem Kranchen befestigt ist, kann türlich sein.",-0.6022132811722932,0.75,235.93048095703125,0.733663211451375,0.029383575543761253
/home/marlow/Documents/GCS_Speech_Thesis/data/test_set/gcs_45_noisy/common_voice_de_24224338_noise_34871-3-9-0_snr10.wav,gcs_45_noisy,10.0,0.0,4.86,"Sie geben an, wie sicher die Lautspezifikation vorgegebenen Ziele erreicht werden.",-0.27860094110171,0.9090909090909091,187.4608612060547,0.7315618457167531,0.0021924597676843405
/home/marlow/Documents/GCS_Speech_Thesis/data/test_set/gcs_45_noisy/common_voice_de_18496319_noise_7965-3-16-0_snr0.wav,gcs_45_noisy,0.0,0.0,3.864,Der Erzähler machte eine Krisenhausen.,-0.6529569228490194,0.6,7771.30810546875,0.6622013999283899,0.0337509885430336
/home/marlow/Documents/GCS_Speech_Thesis/data/test_set/gcs_45_noisy/common_voice_de_17335913_noise_14772-7-0-0_snr10.wav,gcs_45_noisy,10.0,0.0,4.416,Übungen zu allen UN und etwa Linien zur Lieblingsregelung und Kernverkehr.,-0.7844588470458984,0.5454545454545454,1921.3848876953125,0.740211493730675,0.026081010699272156
/home/marlow/Documents/GCS_Speech_Thesis/data/test_set/gcs_45_noisy/common_voice_de_20203539_noise_15544-5-0-3_snr5.wav,gcs_45_noisy,5.0,0.0,8.736,Sie kann wie die Izukeitschilienien als Teil der Chuo-Pokkenienbefatte werden.,-0.8869132280349732,0.8,743.9325561523438,0.7213513386321098,0.04576423764228821
/home/marlow/Documents/GCS_Speech_Thesis/data/test_set/gcs_45_noisy/common_voice_de_32818705_noise_34871-3-9-0_snr10.wav,gcs_45_noisy,10.0,0.0,8.388,Die Konzentration des intrinsischen Faktors im Magensaft ist mitunter bis auf Null reduziert.,-0.3355401137779499,0.6923076923076923,39.996826171875,0.6788043856375315,0.015144262462854385
/home/marlow/Documents/GCS_Speech_Thesis/data/test_set/gcs_45_noisy/common_voice_de_27286846_noise_7965-3-16-0_snr15.wav,gcs_45_noisy,15.0,0.032,4.416,Danach war er Kim Lazialeera in Renn.,-0.6536230484644572,0.5714285714285714,2450.98779296875,0.5772800506676146,0.13760358095169067
/home/marlow/Documents/GCS_Speech_Thesis/data/test_set/gcs_45_noisy/common_voice_de_31829558_noise_34871-3-9-0_snr0.wav,gcs_45_noisy,0.0,0.0,5.436,wegen eines mechanischen Deckektz vieler im Großbritannienhaus.,-0.6353868756975446,0.7142857142857143,14318.2763671875,0.7798430154346587,0.0682353600859642
/home/marlow/Documents/GCS_Speech_Thesis/data/test_set/gcs_45_noisy/common_voice_de_17631761_noise_7965-3-16-0_snr15.wav,gcs_45_noisy,15.0,0.032,1.024,Ja.,-0.8104702949523925,1.0,3.881849765777588,0.2153474967851634,0.5052267909049988
/home/marlow/Documents/GCS_Speech_Thesis/data/test_set/gcs_45_noisy/common_voice_de_18205673_noise_14772-7-0-0_snr-5.wav,gcs_45_noisy,-5.0,0.0,5.064,"Ich würde sagen, dass wir das so in die Gegend haben.",-1.0764673406427556,0.9090909090909091,31.993614196777344,0.4616082683337395,0.38063132762908936
/home/marlow/Documents/GCS_Speech_Thesis/data/test_set/gcs_45_noisy/common_voice_de_35328344_noise_7965-3-16-0_snr0.wav,gcs_45_noisy,0.0,0.0,4.248,Darin liegt die Lösung und nicht anders hoch.,-0.5809171749995306,0.875,202.9860076904297,0.6963553052357069,0.0422494038939476
/home/marlow/Documents/GCS_Speech_Thesis/data/test_set/gcs_45_noisy/common_voice_de_37470495_noise_17486-3-1-0_snr5.wav,gcs_45_noisy,5.0,0.0,8.136,Er ist vergleichbar mit dem deutschen Handelsprätzten und den französischen Kurven-Comerbs.,-0.548138173421224,0.8181818181818182,675.4978637695312,0.6920412817586432,0.15598782896995544
/home/marlow/Documents/GCS_Speech_Thesis/data/test_set/gcs_45_noisy/common_voice_de_17404145_noise_39857-5-3-0_snr0.wav,gcs_45_noisy,0.0,0.0,6.384,"mit der Tabulatverkaste, der die Autor von der Vollstrecke aktiviert.",-0.8926286315917968,0.8,693.9940185546875,0.08286853828220046,0.16991263628005981
/home/marlow/Documents/GCS_Speech_Thesis/data/test_set/gcs_45_noisy/common_voice_de_19072795_noise_6902-2-0-9_snr-5.wav,gcs_45_noisy,-5.0,0.0,5.184,"Schöne, schöne, schöne, schöne, schöne.",-0.7201090066329293,1.0,13.065533638000488,0.004271980428228868,0.5665042400360107
/home/marlow/Documents/GCS_Speech_Thesis/data/test_set/gcs_45_noisy/common_voice_de_19692738_noise_14772-7-0-0_snr10.wav,gcs_45_noisy,10.0,0.0,6.208,Für verschiedene Unternehmen ist der als Moderator beratertätig.,-0.5111785215490005,0.75,203.32806396484375,0.4803565545451645,0.03321589529514313
/home/marlow/Documents/GCS_Speech_Thesis/data/test_set/gcs_45_noisy/common_voice_de_18234182_noise_17486-3-1-0_snr5.wav,gcs_45_noisy,5.0,0.0,2.064,Der geht aufs Haus.,-0.8480485810173882,0.75,41.141746520996094,0.4596935105868257,0.07324211299419403
/home/marlow/Documents/GCS_Speech_Thesis/data/test_set/gcs_45_noisy/common_voice_de_17329192_noise_22973-3-0-0_snr15.wav,gcs_45_noisy,15.0,0.64,4.416,als Zwischenstopp auf der Route einfiegen.,-0.43932019074757894,0.5,155.6547393798828,0.5940220954049067,0.008157281205058098
/home/marlow/Documents/GCS_Speech_Thesis/data/test_set/gcs_45_noisy/common_voice_de_32219002_noise_34871-3-9-0_snr0.wav,gcs_45_noisy,0.0,0.0,5.328,Der Hintergrund davon ist die Schrittweise her in der Runde alleine am Wasser.,-0.7894655436277389,0.8461538461538461,625.6721801757812,0.6797981579247081,0.02772281877696514
/home/marlow/Documents/GCS_Speech_Thesis/data/test_set/gcs_45_noisy/common_voice_de_28713125_noise_39857-5-3-0_snr10.wav,gcs_45_noisy,10.0,0.0,8.568,Die breitende wundeligen Früchte haben eine Lehre und einen Durchmesser von einem Zentimeter.,-0.4146200173667499,0.6923076923076923,452.0157775878906,0.6660018795414884,0.04726572334766388
/home/marlow/Documents/GCS_Speech_Thesis/data/test_set/gcs_45_noisy/common_voice_de_18889883_noise_14772-7-0-0_snr-5.wav,gcs_45_noisy,-5.0,0.0,3.624,"Das ist nicht so, dass ich das nicht in den Händen habe.",-1.5964968831915605,0.9166666666666666,17.730382919311523,0.02659187800242778,0.5417189002037048
/home/marlow/Documents/GCS_Speech_Thesis/data/test_set/gcs_45_noisy/common_voice_de_18496319_noise_7965-3-16-0_snr10.wav,gcs_45_noisy,10.0,0.0,3.864,Der Erzähler macht eine Kunstpause.,-0.4094247942169507,0.6,133.38650512695312,0.4502255260792353,0.009437931701540947
/home/marlow/Documents/GCS_Speech_Thesis/data/test_set/gcs_45_noisy/common_voice_de_28713125_noise_39857-5-3-0_snr-5.wav,gcs_45_noisy,-5.0,0.0,8.568,die Projekte sind die,-1.898368026271011,0.75,216.8760223388672,0.03937225740397724,0.5854187607765198
/home/marlow/Documents/GCS_Speech_Thesis/data/test_set/gcs_45_noisy/common_voice_de_20036670_noise_34871-3-9-0_snr10.wav,gcs_45_noisy,10.0,0.0,7.272,"Er besigte dabei ein Waschau im Bandangewicht in Finnen,",-0.755202054977417,0.5555555555555556,2209.15966796875,0.7998367534237332,0.0011986515019088984
/home/marlow/Documents/GCS_Speech_Thesis/data/test_set/gcs_45_noisy/common_voice_de_23349794_noise_22973-3-0-0_snr15.wav,gcs_45_noisy,15.0,0.224,2.592,Klasse mit dem perfekten.,-0.9230185638774525,1.0,593.2021484375,0.6707806932193529,0.04966938495635986
/home/marlow/Documents/GCS_Speech_Thesis/data/test_set/gcs_45_noisy/common_voice_de_25995501_noise_39857-5-3-0_snr5.wav,gcs_45_noisy,5.0,0.0,4.896,"Das ist doch ein schönes Pisten, den er denn für die Valencia und Jörger.",-1.1942146470149357,0.7857142857142857,706.6867065429688,0.5565429100237202,0.12492582201957703
/home/marlow/Documents/GCS_Speech_Thesis/data/test_set/gcs_45_noisy/common_voice_de_18674886_noise_6902-2-0-9_snr0.wav,gcs_45_noisy,0.0,0.0,3.648,Mit der Tageskühler ist das Gehpfeil geschehen.,-1.0726562917232514,0.7142857142857143,2537.18603515625,0.5770367347582227,0.06128416582942009
/home/marlow/Documents/GCS_Speech_Thesis/data/test_set/gcs_45_noisy/common_voice_de_17361853_noise_7965-3-16-0_snr10.wav,gcs_45_noisy,10.0,0.0,2.736,Er weiß uns besser da tut.,-0.48151418566703796,1.0,1909.2099609375,0.45967709319364625,0.02695314958691597
/home/marlow/Documents/GCS_Speech_Thesis/data/test_set/gcs_45_noisy/common_voice_de_17665537_noise_14772-7-0-0_snr5.wav,gcs_45_noisy,5.0,0.0,4.056,Ist der Teil auch so senzwärtig die erste zwei.,-0.8967724968405331,0.8888888888888888,382.4042663574219,0.6004031565385013,0.09326586127281189
/home/marlow/Documents/GCS_Speech_Thesis/data/test_set/gcs_45_noisy/common_voice_de_35328344_noise_7965-3-16-0_snr15.wav,gcs_45_noisy,15.0,0.032,4.248,Darin liegt die Lösung und nicht anders hoch.,-0.45932568036592925,0.875,202.9860076904297,0.5371198971532783,0.016808072105050087
/home/marlow/Documents/GCS_Speech_Thesis/data/test_set/gcs_45_noisy/common_voice_de_26152160_noise_6902-2-0-9_snr0.wav,gcs_45_noisy,0.0,0.0,4.032,Er verkauft radlose Produkte und Router.,-0.6562968969345093,0.5,633.8641357421875,0.5783350874567293,0.04032211750745773
/home/marlow/Documents/GCS_Speech_Thesis/data/test_set/gcs_45_noisy/common_voice_de_18203073_noise_39857-5-3-0_snr10.wav,gcs_45_noisy,10.0,0.0,3.744,Der Zigarettenautomat will ein Perso sehen.,-0.5066092252731323,0.6666666666666666,657.35302734375,0.5928261349302678,0.03287455812096596
/home/marlow/Documents/GCS_Speech_Thesis/data/test_set/gcs_45_noisy/common_voice_de_21261915_noise_17486-3-1-0_snr0.wav,gcs_45_noisy,0.0,0.0,4.248,Es ist schon ein bisschen an uns zu bieten werden.,-0.802224858601888,1.0,150.0784912109375,0.6237403730252632,0.08142434805631638
/home/marlow/Documents/GCS_Speech_Thesis/data/test_set/gcs_45_noisy/common_voice_de_18228124_noise_14772-7-0-0_snr0.wav,gcs_45_noisy,0.0,0.0,3.072,"Ich hoffe nicht, ich habe keine Ahnung.",-1.241602530846229,0.8571428571428571,22.978076934814453,0.28278736665379256,0.111627958714962
/home/marlow/Documents/GCS_Speech_Thesis/data/test_set/gcs_45_noisy/common_voice_de_37470495_noise_17486-3-1-0_snr0.wav,gcs_45_noisy,0.0,0.0,8.136,Er ist für die Eichbar mit dem Deutsche Bundespräsident,-1.1622451543807983,0.7777777777777778,838.2361450195312,0.759024922199109,0.2464672476053238
/home/marlow/Documents/GCS_Speech_Thesis/data/test_set/gcs_45_noisy/common_voice_de_26916127_noise_6902-2-0-9_snr15.wav,gcs_45_noisy,15.0,0.032,3.808,"Und auch Kirchen, Stadtteilen und Parks bespielt.",-0.5104366131126881,0.5714285714285714,419.6822509765625,0.5561046418423126,0.03471754118800163
/home/marlow/Documents/GCS_Speech_Thesis/data/test_set/gcs_45_noisy/common_voice_de_17518836_noise_14772-7-0-0_snr10.wav,gcs_45_noisy,10.0,1.248,5.616,"Jezulande stoßen die Vorschläge, konnte ich nichts auf nicht kühl zustimmen.",-0.6740654182434082,0.8181818181818182,1889.53662109375,0.7742855215061075,0.0298086516559124
/home/marlow/Documents/GCS_Speech_Thesis/data/test_set/gcs_45_noisy/common_voice_de_41544567_noise_39857-5-3-0_snr15.wav,gcs_45_noisy,15.0,0.032,6.624,"Wir haben so eine Arbeit dort, erhielt er den Doktor Titel der Johns Hopkins University.",-0.49573641767104465,0.6666666666666666,61.36404800415039,0.6938606132980656,0.10479316860437393
/home/marlow/Documents/GCS_Speech_Thesis/data/test_set/gcs_45_noisy/common_voice_de_21979118_noise_17486-3-1-0_snr10.wav,gcs_45_noisy,10.0,0.0,3.616,"Die ist aber nicht untermauert, die sind an der's.",-1.221875720553928,0.8888888888888888,171.65872192382812,0.722049896257097,0.08722607046365738
/home/marlow/Documents/GCS_Speech_Thesis/data/test_set/gcs_45_noisy/common_voice_de_37833576_noise_7965-3-16-0_snr0.wav,gcs_45_noisy,0.0,0.0,6.516,Dies filmiert uns zunächst als Pingouin Liquid Orchestra.,-0.9377697855234146,0.625,1130.3984375,0.5862520261457664,0.018305305391550064
/home/marlow/Documents/GCS_Speech_Thesis/data/test_set/gcs_45_noisy/common_voice_de_20403220_noise_34871-3-9-0_snr10.wav,gcs_45_noisy,10.0,0.0,7.344,Die Verwendung der Begriffe spielt Stein und Spielfigur ist nicht eindeutig.,-0.21182048507034779,0.7272727272727273,428.521484375,0.6752971215720248,0.06818053126335144
/home/marlow/Documents/GCS_Speech_Thesis/data/test_set/gcs_45_noisy/common_voice_de_17722131_noise_14772-7-0-0_snr0.wav,gcs_45_noisy,0.0,0.0,2.808,Ich habe mir schon das Gefühl.,-1.3004606723785401,0.8333333333333334,76.56842803955078,0.029105546166233995,0.4992521405220032
/home/marlow/Documents/GCS_Speech_Thesis/data/test_set/gcs_45_noisy/common_voice_de_18952561_noise_15544-5-0-3_snr15.wav,gcs_45_noisy,15.0,0.064,3.288,"War heim, aber ist viel besser in Zeit.",-1.0324983596801758,1.0,352.9844665527344,0.5101668022237004,0.04715413972735405
/home/marlow/Documents/GCS_Speech_Thesis/data/test_set/gcs_45_noisy/common_voice_de_36704392_noise_22973-3-0-0_snr5.wav,gcs_45_noisy,5.0,0.0,5.076,Zahnarische Enten nutzen den sehr lebensraum.,-0.6986395642161369,0.5,5685.42626953125,0.3469147939817186,0.05674583092331886
/home/marlow/Documents/GCS_Speech_Thesis/data/test_set/gcs_45_noisy/common_voice_de_18793156_noise_14772-7-0-0_snr10.wav,gcs_45_noisy,10.0,0.0,1.216,Ich werde auflesen.,-1.3466037114461262,1.0,116.98100280761719,0.40027814287398206,0.15781207382678986
/home/marlow/Documents/GCS_Speech_Thesis/data/test_set/gcs_45_noisy/common_voice_de_18793156_noise_14772-7-0-0_snr10.wav,gcs_45_noisy,10.0,1.248,4.992,Ihre Bahn vorausberechnen und zu können abgefangen werden.,-0.3561487668438962,1.0,286.5944519042969,0.8338499235737528,0.05265818536281586
/home/marlow/Documents/GCS_Speech_Thesis/data/test_set/gcs_45_noisy/common_voice_de_23349794_noise_22973-3-0-0_snr5.wav,gcs_45_noisy,5.0,0.0,2.976,Klasse möchtest du perfekt.,-1.011462319980968,1.0,1046.29345703125,0.5651601121161772,0.14002196490764618
/home/marlow/Documents/GCS_Speech_Thesis/data/test_set/gcs_45_noisy/common_voice_de_41544567_noise_39857-5-3-0_snr10.wav,gcs_45_noisy,10.0,0.0,7.632,"Wir haben so eine Arbeit dort, erhielt er den Doktor-Titel der Johns Hopkins University.",-0.6338830375671387,0.6428571428571429,42.45214080810547,0.604852284624818,0.15223151445388794
/home/marlow/Documents/GCS_Speech_Thesis/data/test_set/gcs_45_noisy/common_voice_de_19692738_noise_14772-7-0-0_snr15.wav,gcs_45_noisy,15.0,0.96,5.248,Für verschiedene Unternehmen ist er als Moderator beratertätig.,-0.42188223670510683,0.75,194.90011596679688,0.8846524315295435,0.016132520511746407
/home/marlow/Documents/GCS_Speech_Thesis/data/test_set/gcs_45_noisy/common_voice_de_26152160_noise_6902-2-0-9_snr-5.wav,gcs_45_noisy,-5.0,0.0,4.032,"Es ist auf der Zeit, wo wir Produkte prüfen.",-0.9572209750904757,0.8888888888888888,131.34971618652344,0.5945479915226026,0.06788045167922974
/home/marlow/Documents/GCS_Speech_Thesis/data/test_set/gcs_45_noisy/common_voice_de_18228124_noise_14772-7-0-0_snr5.wav,gcs_45_noisy,5.0,0.0,3.072,"Ich hoffe nicht, geht der Plan auch.",-0.9883714020252228,1.0,142.7154998779297,0.3189581696460664,0.033405937254428864
/home/marlow/Documents/GCS_Speech_Thesis/data/test_set/gcs_45_noisy/common_voice_de_18083943_noise_14772-7-0-0_snr-5.wav,gcs_45_noisy,-5.0,0.0,3.096,Das muss nicht.,-1.042815889630999,1.0,128.98768615722656,0.1796066295451571,0.2373124659061432
/home/marlow/Documents/GCS_Speech_Thesis/data/test_set/gcs_45_noisy/common_voice_de_36704392_noise_22973-3-0-0_snr15.wav,gcs_45_noisy,15.0,0.0,4.48,"zahlreiche Enten, nutzenden Seals Lebensraum.",-0.7158714532852173,0.4,3157.95556640625,0.4066769691246366,0.0321476049721241
/home/marlow/Documents/GCS_Speech_Thesis/data/test_set/gcs_45_noisy/common_voice_de_27656900_noise_22973-3-0-0_snr15.wav,gcs_45_noisy,15.0,0.576,5.796,"Ich betone jedoch, dass was ich hierbei lediglich umfragen habe.",-0.4426810003462292,0.9,223.05018615722656,0.7129579423614437,0.0037118091713637114
/home/marlow/Documents/GCS_Speech_Thesis/data/test_set/gcs_45_noisy/common_voice_de_20238179_noise_7965-3-16-0_snr10.wav,gcs_45_noisy,10.0,0.0,10.512,Es gab auch erstmals Unterstützung für einfaches Workflow Management.,-0.4410073533654213,0.6666666666666666,190.97735595703125,0.4566428886291843,0.05577588826417923
/home/marlow/Documents/GCS_Speech_Thesis/data/test_set/gcs_45_noisy/common_voice_de_23362970_noise_34871-3-9-0_snr10.wav,gcs_45_noisy,10.0,0.0,5.832,Sie kann mit entsprechender Nutzlast auch zur elektronischen Kampfführung genutzt werden.,-0.2293650507926941,0.8181818181818182,58.85383605957031,0.7721711870770656,0.0015042612794786692
/home/marlow/Documents/GCS_Speech_Thesis/data/test_set/gcs_45_noisy/common_voice_de_25912678_noise_6902-2-0-9_snr10.wav,gcs_45_noisy,10.0,0.448,7.616,Zum Anwesen gehört ein Terraschen für mich an die Lebtergarten der in seinen Design-Astero-Konialzeitrestriert wurde.,-0.7701769180786915,0.7333333333333333,989.898193359375,0.7552422489632461,0.048308055847883224
/home/marlow/Documents/GCS_Speech_Thesis/data/test_set/gcs_45_noisy/common_voice_de_17335913_noise_14772-7-0-0_snr5.wav,gcs_45_noisy,5.0,0.0,4.416,Übern zu all den und etwa liebten Regenanten kein Papier.,-0.9435837745666504,0.7,2495.12353515625,0.7147582335122591,0.1075270026922226
/home/marlow/Documents/GCS_Speech_Thesis/data/test_set/gcs_45_noisy/common_voice_de_18566642_noise_6902-2-0-9_snr15.wav,gcs_45_noisy,15.0,0.0,2.464,Hier ist noch zu den zwei Entehungen.,-0.7714153528213501,0.8571428571428571,880.0638427734375,0.5773715247859719,0.006514234468340874
/home/marlow/Documents/GCS_Speech_Thesis/data/test_set/gcs_45_noisy/common_voice_de_18543618_noise_6902-2-0-9_snr-5.wav,gcs_45_noisy,-5.0,0.0,4.632,"Das kann es denn nicht bescheiden, bei dem der Katze nicht.",-1.302444106654117,0.9090909090909091,265.1685485839844,0.6306841005795989,0.04319670423865318
/home/marlow/Documents/GCS_Speech_Thesis/data/test_set/gcs_45_noisy/common_voice_de_40161068_noise_22973-3-0-0_snr10.wav,gcs_45_noisy,10.0,0.0,5.148,Hier wird gewissermaßen auf Nils Reise mit den Vögeln angespielt.,-0.42187230040629703,0.9,349.7085266113281,0.6617320110433764,0.0019124411046504974
/home/marlow/Documents/GCS_Speech_Thesis/data/test_set/gcs_45_noisy/common_voice_de_20263747_noise_22973-3-0-0_snr15.wav,gcs_45_noisy,15.0,0.608,6.024,Entstanden ist sie im in der langen Söhne vorheschenden basalt.,-0.42452821270986035,0.8,2065.490234375,0.8165294552275822,0.0003624376840889454
/home/marlow/Documents/GCS_Speech_Thesis/data/test_set/gcs_45_noisy/common_voice_de_18270452_noise_14772-7-0-0_snr10.wav,gcs_45_noisy,10.0,0.0,3.432,Er kennt die andere Seite.,-0.5740086237589518,0.8,43.487098693847656,0.32581941952850213,0.03443938121199608
/home/marlow/Documents/GCS_Speech_Thesis/data/test_set/gcs_45_noisy/common_voice_de_27265447_noise_15544-5-0-3_snr10.wav,gcs_45_noisy,10.0,0.0,6.804,Dies war ein kurzer Aufschwung zur sozialistischen Seite innerhalb der republikanischen Bewegung.,-0.2117683537877523,0.75,217.07550048828125,0.7745420087556281,0.013128970749676228
/home/marlow/Documents/GCS_Speech_Thesis/data/test_set/gcs_45_noisy/common_voice_de_24424256_noise_6902-2-0-9_snr-5.wav,gcs_45_noisy,-5.0,0.0,7.164,"diese kleine Runde von Landwirtschaft, von der Ohne und so, und das gibt es im Echt-Eider-Zitspiel.",-1.2375606190074573,0.875,279.3736877441406,0.050857745350250685,0.26059281826019287
/home/marlow/Documents/GCS_Speech_Thesis/data/test_set/gcs_45_noisy/common_voice_de_20308848_noise_34871-3-9-0_snr0.wav,gcs_45_noisy,0.0,0.0,6.288,Einmehr ist dieses auch mal eine andere neue Genehmigungen nach ATG.,-0.9600323722476051,0.7272727272727273,1190.52880859375,0.6357557040764501,0.03196281939744949
/home/marlow/Documents/GCS_Speech_Thesis/data/test_set/gcs_45_noisy/common_voice_de_18538701_noise_6902-2-0-9_snr5.wav,gcs_45_noisy,5.0,0.0,5.496,Der Hafen von Rotterdamen ist in Europa der bedeutsamste Umschlagplatz Wirk und Hähnen.,-0.34216539202065305,0.5384615384615384,315.5763854980469,0.6555868234332424,0.10714011639356613
/home/marlow/Documents/GCS_Speech_Thesis/data/test_set/gcs_45_noisy/common_voice_de_36917754_noise_14772-7-0-0_snr5.wav,gcs_45_noisy,5.0,0.0,10.476,Die beiden Zähne befinden sich heute in die Universität des Staunters bayering mit Zunarkats,-1.232164037724336,0.6428571428571429,2035.4371337890625,0.6538584751469898,0.18642133474349976
/home/marlow/Documents/GCS_Speech_Thesis/data/test_set/gcs_45_noisy/common_voice_de_26226006_noise_7965-3-16-0_snr5.wav,gcs_45_noisy,5.0,0.0,3.996,Bord und Dawkins heirateten Später in den Jahr.,-0.9379866543938132,0.625,689.974365234375,0.6434334559971466,0.11321034282445908
/home/marlow/Documents/GCS_Speech_Thesis/data/test_set/gcs_45_noisy/common_voice_de_26152160_noise_6902-2-0-9_snr15.wav,gcs_45_noisy,15.0,0.544,3.616,Er verkauft rathlose Produkte und Router.,-0.4663359560072422,0.5,1009.124755859375,0.7522363525810457,0.0015487226191908121
/home/marlow/Documents/GCS_Speech_Thesis/data/test_set/gcs_45_noisy/common_voice_de_27265447_noise_15544-5-0-3_snr5.wav,gcs_45_noisy,5.0,0.0,6.804,Dies war ein kurzer Aufschwung zur sozialistischen Seite innerhalb der republikanischen Bewegung.,-0.2096558419557718,0.75,217.07550048828125,0.7667384905474995,0.012028663419187069
/home/marlow/Documents/GCS_Speech_Thesis/data/test_set/gcs_45_noisy/common_voice_de_18619274_noise_15544-5-0-3_snr-5.wav,gcs_45_noisy,-5.0,0.0,4.392,Aber bei der Welt ist die Investitionen für die Charaktion.,-1.4311488999260797,0.7,336.5660095214844,0.4791636098449564,0.2459738850593567
/home/marlow/Documents/GCS_Speech_Thesis/data/test_set/gcs_45_noisy/common_voice_de_32219002_noise_34871-3-9-0_snr5.wav,gcs_45_noisy,5.0,0.0,5.328,Der Hintergrund davon ist die Schrittweise in der Runde der langen Masse.,-0.625771681467692,0.8333333333333334,528.5242309570312,0.6887353523122443,0.01071305014193058
/home/marlow/Documents/GCS_Speech_Thesis/data/test_set/gcs_45_noisy/common_voice_de_28893541_noise_14772-7-0-0_snr10.wav,gcs_45_noisy,10.0,0.0,3.528,Stattdessen lichen die Gäste zur Haltzeit aus.,-0.4737432191246434,0.5714285714285714,886.6918334960938,0.6108100270948935,0.028585342690348625
/home/marlow/Documents/GCS_Speech_Thesis/data/test_set/gcs_45_noisy/common_voice_de_19072795_noise_6902-2-0-9_snr10.wav,gcs_45_noisy,10.0,0.0,5.184,...,-1.6170977354049683,0.0,,0.000508161422310226,0.5566109418869019
/home/marlow/Documents/GCS_Speech_Thesis/data/test_set/gcs_45_noisy/common_voice_de_20403220_noise_34871-3-9-0_snr15.wav,gcs_45_noisy,15.0,0.0,6.88,Die Verwendung der Begriffe spielt Stein und Spielfigur ist nicht eindeutig.,-0.24903662130236626,0.7272727272727273,428.521484375,0.7053384483927191,0.09044979512691498
/home/marlow/Documents/GCS_Speech_Thesis/data/test_set/gcs_45_noisy/common_voice_de_18496319_noise_7965-3-16-0_snr5.wav,gcs_45_noisy,5.0,0.0,3.864,Der Erzähler macht eine Krustpause.,-0.5538218571589544,0.6,1070.99169921875,0.4959340677154058,0.013172617182135582
/home/marlow/Documents/GCS_Speech_Thesis/data/test_set/gcs_45_noisy/common_voice_de_23851939_noise_39857-5-3-0_snr-5.wav,gcs_45_noisy,-5.0,0.0,4.368,"Das ist ein kontreses sinnvolles Konvention,",-1.332072799022381,0.6666666666666666,846.324951171875,0.4900661942882151,0.25380605459213257
/home/marlow/Documents/GCS_Speech_Thesis/data/test_set/gcs_45_noisy/common_voice_de_20263747_noise_22973-3-0-0_snr0.wav,gcs_45_noisy,0.0,0.0,6.024,Ein Standin ist sie im Innen der langen Rennforschenenden versorgt.,-0.8619049580200858,0.8,2829.246826171875,0.5204949553586611,0.10387685149908066
/home/marlow/Documents/GCS_Speech_Thesis/data/test_set/gcs_45_noisy/common_voice_de_19810260_noise_15544-5-0-3_snr15.wav,gcs_45_noisy,15.0,0.768,5.696,Auch nach seinem Weggang von Henderson blieb Marshall als drummer und bandleader aktiv.,-0.37546316782633465,0.6153846153846154,78.65913391113281,0.8739566430781038,0.004600853193551302
/home/marlow/Documents/GCS_Speech_Thesis/data/test_set/gcs_45_noisy/common_voice_de_20203539_noise_15544-5-0-3_snr10.wav,gcs_45_noisy,10.0,0.0,8.736,Sie kann wie die Itzukeitschieninien als Teil der Tuho-Oplimeinien betraftet werden.,-0.5699305380544355,0.7272727272727273,562.1182250976562,0.691784615725674,0.012880311347544193
/home/marlow/Documents/GCS_Speech_Thesis/data/test_set/gcs_45_noisy/common_voice_de_24224338_noise_34871-3-9-0_snr5.wav,gcs_45_noisy,5.0,0.0,4.86,"Sie geben an, wie sich die Lautspezifikation vorgegebenen Ziele erreicht werden.",-0.33650733157992363,0.9090909090909091,266.23748779296875,0.675746966085584,0.004000168759375811
/home/marlow/Documents/GCS_Speech_Thesis/data/test_set/gcs_45_noisy/common_voice_de_22330315_noise_34871-3-9-0_snr15.wav,gcs_45_noisy,15.0,1.536,3.936,Zudem vernichtet der ein Brand einige von,-0.43716290363898647,0.8571428571428571,2694.099853515625,0.8407711279140009,0.0070363315753638744
/home/marlow/Documents/GCS_Speech_Thesis/data/test_set/gcs_45_noisy/common_voice_de_22330315_noise_34871-3-9-0_snr15.wav,gcs_45_noisy,15.0,3.968,5.408,von Tors entwirven.,-0.917398738861084,0.3333333333333333,2472.07763671875,0.8154135283496645,0.15391375124454498
/home/marlow/Documents/GCS_Speech_Thesis/data/test_set/gcs_45_noisy/common_voice_de_19550651_noise_15544-5-0-3_snr15.wav,gcs_45_noisy,15.0,0.672,2.88,Rein hat es verheiratet und hat zwei Kinder.,-0.26349468156695366,0.875,45.57439041137695,0.871455276897852,0.00491980230435729
/home/marlow/Documents/GCS_Speech_Thesis/data/test_set/gcs_45_noisy/common_voice_de_22088142_noise_7965-3-16-0_snr15.wav,gcs_45_noisy,15.0,1.024,1.6,Neun.,-0.8427117268244425,1.0,113.77452087402344,0.7417267773400655,0.3660903871059418
/home/marlow/Documents/GCS_Speech_Thesis/data/test_set/gcs_45_noisy/common_voice_de_18793383_noise_34871-3-9-0_snr10.wav,gcs_45_noisy,10.0,0.0,3.552,Manchmal tät ich gerne noch etwas korrigieren.,-0.6566337900502341,0.8571428571428571,85.92337799072266,0.5741936057020212,0.014686105772852898
/home/marlow/Documents/GCS_Speech_Thesis/data/test_set/gcs_45_noisy/common_voice_de_18619274_noise_15544-5-0-3_snr0.wav,gcs_45_noisy,0.0,0.0,4.392,"Erwart dabei, wir sehen erst die Spitze des Bestracks.",-0.9043074515130785,0.7777777777777778,885.7710571289062,0.5856642529070614,0.05016765370965004
/home/marlow/Documents/GCS_Speech_Thesis/data/test_set/gcs_45_noisy/common_voice_de_18644827_noise_22973-3-0-0_snr0.wav,gcs_45_noisy,0.0,0.0,5.784,Ruhig macht seine ersten Versöhnung der Blockhote und alle anderen halten sie störend.,-0.8286187855096964,0.8461538461538461,642.2531127929688,0.5077975148825965,0.04800965264439583
/home/marlow/Documents/GCS_Speech_Thesis/data/test_set/gcs_45_noisy/common_voice_de_18234182_noise_17486-3-1-0_snr15.wav,gcs_45_noisy,15.0,0.256,1.472,Der geht aufs Haus.,-0.5980925559997559,0.75,41.141746520996094,0.7377427657238992,0.06951957941055298
/home/marlow/Documents/GCS_Speech_Thesis/data/test_set/gcs_45_noisy/common_voice_de_18375683_noise_17486-3-1-0_snr15.wav,gcs_45_noisy,15.0,1.12,2.912,Kairo ist die Hauptstadt von Egypten.,-0.49569043746361363,0.5,23.952938079833984,0.9371550749721271,0.10592475533485413
/home/marlow/Documents/GCS_Speech_Thesis/data/test_set/gcs_45_noisy/common_voice_de_19789961_noise_34871-3-9-0_snr10.wav,gcs_45_noisy,10.0,0.0,4.92,Im Norden befindet sich der Truppenübungsplatz Bitch.,-0.4108905576997333,0.5714285714285714,64.91740417480469,0.5599026759983798,0.007254257798194885
/home/marlow/Documents/GCS_Speech_Thesis/data/test_set/gcs_45_noisy/common_voice_de_20263747_noise_22973-3-0-0_snr-5.wav,gcs_45_noisy,-5.0,0.0,6.024,Ein Standin ist die in einem der langen Rennfondsischen Brunnenweis alt.,-1.0071766873200734,0.7272727272727273,3867.957275390625,0.21715801191564266,0.13177117705345154
/home/marlow/Documents/GCS_Speech_Thesis/data/test_set/gcs_45_noisy/common_voice_de_18096265_noise_34871-3-9-0_snr15.wav,gcs_45_noisy,15.0,0.032,3.424,Geocrophischer und mit jedem schönen Ort pullt der Erde.,-1.0690471331278484,0.6666666666666666,1388.1163330078125,0.6421933622281495,0.09679780155420303
/home/marlow/Documents/GCS_Speech_Thesis/data/test_set/gcs_45_noisy/common_voice_de_18096265_noise_34871-3-9-0_snr15.wav,gcs_45_noisy,15.0,3.456,6.496,befinden sich nicht am gleichen Ort.,-0.36821408705277875,0.8333333333333334,16.797325134277344,0.6284627347587192,0.006003214046359062
/home/marlow/Documents/GCS_Speech_Thesis/data/test_set/gcs_45_noisy/common_voice_de_18474539_noise_14772-7-0-0_snr-5.wav,gcs_45_noisy,-5.0,0.0,5.136,"Ich glaube, es ist ein gutes Gefühl, dass du es dir stehen, ob er war.",-1.582601081241261,0.9333333333333333,60.019718170166016,0.4024239015224627,0.3446384072303772
/home/marlow/Documents/GCS_Speech_Thesis/data/test_set/gcs_45_noisy/common_voice_de_37470495_noise_17486-3-1-0_snr15.wav,gcs_45_noisy,15.0,0.224,7.488,Er ist vergleichbar mit dem deutschen Handelsgesetzten und den französischen Kurt Dü-Commerce.,-0.5080400066716331,0.8333333333333334,926.6000366210938,0.8247512980802872,0.10106617957353592
/home/marlow/Documents/GCS_Speech_Thesis/data/test_set/gcs_45_noisy/common_voice_de_40161068_noise_22973-3-0-0_snr0.wav,gcs_45_noisy,0.0,0.0,5.148,Sie wird gewissermaßen auf Nils Reise mit dem Fügeln angestiegen.,-0.7238287148268326,0.8,4585.0849609375,0.6694829022151748,0.0094760712236166
/home/marlow/Documents/GCS_Speech_Thesis/data/test_set/gcs_45_noisy/common_voice_de_27286846_noise_7965-3-16-0_snr-5.wav,gcs_45_noisy,-5.0,0.0,4.428,Das war der Lauf bei 2.000 Euro in der Kette.,-1.290191438462999,0.9,75.17828369140625,0.7511509864142151,0.17121116816997528
/home/marlow/Documents/GCS_Speech_Thesis/data/test_set/gcs_45_noisy/common_voice_de_37833576_noise_7965-3-16-0_snr5.wav,gcs_45_noisy,5.0,0.0,6.516,Dies filmiert uns zunächst als Pingouin Liquid Orchestra.,-0.7298967987298965,0.625,1130.3984375,0.6559303251458058,0.01901113986968994
/home/marlow/Documents/GCS_Speech_Thesis/data/test_set/gcs_45_noisy/common_voice_de_22171318_noise_14772-7-0-0_snr0.wav,gcs_45_noisy,0.0,0.0,7.512,"Ich hoffe, es ist allen Menschen, die sich in Vergesstätzt haben, an den Siegung, auf Weiterunen und in Vergesstätten.",-1.2868545323610305,0.7368421052631579,236.8594207763672,0.6724956103660008,0.23717573285102844
/home/marlow/Documents/GCS_Speech_Thesis/data/test_set/gcs_45_noisy/common_voice_de_17665334_noise_34871-3-9-0_snr0.wav,gcs_45_noisy,0.0,0.0,4.896,"Dem Schopenstaat ist es offenbar gelungen, Waffenfähigspeltonen um anzureichern.",-0.5316985408465068,0.7777777777777778,2075.405517578125,0.7391161347926386,0.03928818926215172
/home/marlow/Documents/GCS_Speech_Thesis/data/test_set/gcs_45_noisy/common_voice_de_21979118_noise_17486-3-1-0_snr5.wav,gcs_45_noisy,5.0,0.0,4.44,"Die ist aber nicht mehr so normal, aber die ist nicht mehr so normal.",-1.3176058719032688,1.0,21.619915008544922,0.7018241197869128,0.1976013332605362
/home/marlow/Documents/GCS_Speech_Thesis/data/test_set/gcs_45_noisy/common_voice_de_17886559_noise_17486-3-1-0_snr15.wav,gcs_45_noisy,15.0,0.224,2.304,"Guten Tag, die Fahrsteine bitte.",-0.5269889086484909,0.6,135.5539093017578,0.5965844464416687,0.01839681714773178
/home/marlow/Documents/GCS_Speech_Thesis/data/test_set/gcs_45_noisy/common_voice_de_37211024_noise_22973-3-0-0_snr15.wav,gcs_45_noisy,15.0,0.512,4.352,"Kurz zu, gliedert sich in 2 Stadtbezirke und 9 Kreise.",-0.5355884053490378,0.9,87.26773071289062,0.8538031511707231,0.03347955271601677
/home/marlow/Documents/GCS_Speech_Thesis/data/test_set/gcs_45_noisy/common_voice_de_18375683_noise_17486-3-1-0_snr5.wav,gcs_45_noisy,5.0,0.0,4.056,Cairo ist der Hauptstadt von Ägypten.,-0.6874137350491115,0.5,26.52996253967285,0.6423450140942504,0.057285476475954056
/home/marlow/Documents/GCS_Speech_Thesis/data/test_set/gcs_45_noisy/common_voice_de_17886559_noise_17486-3-1-0_snr10.wav,gcs_45_noisy,10.0,0.0,2.664,"Guten Tag, ihr fahrschlander bitte.",-0.7296503782272339,0.6,649.0195922851562,0.599974749033295,0.05791279301047325
/home/marlow/Documents/GCS_Speech_Thesis/data/test_set/gcs_45_noisy/common_voice_de_32150152_noise_22973-3-0-0_snr10.wav,gcs_45_noisy,10.0,0.512,6.876,"Das erkennende tieferen Geheimnisse der Platte, sei nur eine der vielen Freuden.",-0.5132776040297288,0.8333333333333334,679.6638793945312,0.8191218099758104,0.0008646179339848459
/home/marlow/Documents/GCS_Speech_Thesis/data/test_set/gcs_45_noisy/common_voice_de_32864437_noise_6902-2-0-9_snr0.wav,gcs_45_noisy,0.0,0.0,4.104,Dabei kann ich vier Besatzungsmitgliedern stehen.,-0.7322577014565468,0.8333333333333334,617.6149291992188,0.7803311774998095,0.024037808179855347
/home/marlow/Documents/GCS_Speech_Thesis/data/test_set/gcs_45_noisy/common_voice_de_18474539_noise_14772-7-0-0_snr0.wav,gcs_45_noisy,0.0,0.0,5.136,jedenfalls für Schösser dieses System opomatisch.,-0.878589078783989,0.5,1028.4354248046875,0.5644733075425608,0.06419475376605988
/home/marlow/Documents/GCS_Speech_Thesis/data/test_set/gcs_45_noisy/common_voice_de_27265447_noise_15544-5-0-3_snr15.wav,gcs_45_noisy,15.0,0.064,6.804,Dies war ein kurzer Aufschwung zur sozialistischen Seite innerhalb der republikanischen Bewegung.,-0.21733837918593332,0.75,217.07550048828125,0.8111878369908787,0.009997941553592682
/home/marlow/Documents/GCS_Speech_Thesis/data/test_set/gcs_45_noisy/common_voice_de_18672345_noise_14772-7-0-0_snr5.wav,gcs_45_noisy,5.0,0.0,4.368,Die war es für Teenis in den 60ern.,-0.5600945992129189,0.75,123.73933410644531,0.4768034209727554,0.11102864891290665
/home/marlow/Documents/GCS_Speech_Thesis/data/test_set/gcs_45_noisy/common_voice_de_21261915_noise_17486-3-1-0_snr-5.wav,gcs_45_noisy,-5.0,0.0,4.248,"Das ist schon ein bisschen, das du dir werdet.",-1.1812337557474772,1.0,145.37474060058594,0.7687272233818483,0.11071623116731644
/home/marlow/Documents/GCS_Speech_Thesis/data/test_set/gcs_45_noisy/common_voice_de_25912678_noise_6902-2-0-9_snr-5.wav,gcs_45_noisy,-5.0,0.0,7.632,"Es sind alle so, wie wir das passen für eine Kote,",-1.3251952439546586,0.9090909090909091,200.80194091796875,0.7454258868135668,0.3399795889854431
/home/marlow/Documents/GCS_Speech_Thesis/data/test_set/gcs_45_noisy/common_voice_de_35566244_noise_6902-2-0-9_snr15.wav,gcs_45_noisy,15.0,0.544,6.368,Die Liebenschaft zwar falsch und ging an das niedersächsische Kultusministerium über.,-0.5532964897155762,0.8181818181818182,348.35260009765625,0.8037431787975787,0.003017814364284277
/home/marlow/Documents/GCS_Speech_Thesis/data/test_set/gcs_45_noisy/common_voice_de_36169391_noise_7965-3-16-0_snr5.wav,gcs_45_noisy,5.0,0.0,4.464,Die Abkanzungen dieser beiden Vorgens falten sind fließend.,-0.5550337374210358,0.75,610.3869018554688,0.7535320172019835,0.01190377026796341
/home/marlow/Documents/GCS_Speech_Thesis/data/test_set/gcs_45_noisy/common_voice_de_18543618_noise_6902-2-0-9_snr10.wav,gcs_45_noisy,10.0,0.0,4.632,Das Knistern wird bei Schallblatt einfach dazu.,-0.6632031686604023,0.8571428571428571,1902.52490234375,0.5921115207596248,0.002516590291634202
/home/marlow/Documents/GCS_Speech_Thesis/data/test_set/gcs_45_noisy/common_voice_de_17404145_noise_39857-5-3-0_snr10.wav,gcs_45_noisy,10.0,0.0,6.384,Mit der Tabulator-Taste wird die Auto der Vollständigung aktiviert.,-0.5112670868635177,0.6666666666666666,66.63536834716797,0.43196550524597116,0.08557524532079697
/home/marlow/Documents/GCS_Speech_Thesis/data/test_set/gcs_45_noisy/common_voice_de_22330315_noise_34871-3-9-0_snr-5.wav,gcs_45_noisy,-5.0,0.0,6.096,Zudem vernechtete ein Rand einige von Komposs jetzt ruhig.,-0.7945781094687325,0.6666666666666666,2898.3671875,0.3229047049067263,0.05645524337887764
/home/marlow/Documents/GCS_Speech_Thesis/data/test_set/gcs_45_noisy/common_voice_de_18538701_noise_6902-2-0-9_snr15.wav,gcs_45_noisy,15.0,0.512,5.496,Der Hafen von Rotterdam ist in Europa der bedeutsamste Umschlagplatz für Container.,-0.22045372009277345,0.5833333333333334,17.843320846557617,0.7548542819023192,0.007707351353019476
/home/marlow/Documents/GCS_Speech_Thesis/data/test_set/gcs_45_noisy/common_voice_de_18660823_noise_34871-3-9-0_snr10.wav,gcs_45_noisy,10.0,0.0,3.888,Wir sind jetzt an die Gewächslkrust zu machen.,-1.2163954228162766,0.875,333.4145812988281,0.5949363556915234,0.14241467416286469
/home/marlow/Documents/GCS_Speech_Thesis/data/test_set/gcs_45_noisy/common_voice_de_18474539_noise_14772-7-0-0_snr5.wav,gcs_45_noisy,5.0,0.0,5.136,jedenfalls verschlüsselt dieses System automatisch.,-0.4754232806818826,0.8,136.7237548828125,0.5790065302823016,0.017012037336826324
/home/marlow/Documents/GCS_Speech_Thesis/data/test_set/gcs_45_noisy/common_voice_de_27286846_noise_7965-3-16-0_snr0.wav,gcs_45_noisy,0.0,0.0,4.428,"Das ist ein ganz kümmeres Jahr, in der Rennung.",-1.424883616598029,0.6666666666666666,280.0397644042969,0.5663188383868467,0.17351147532463074
/home/marlow/Documents/GCS_Speech_Thesis/data/test_set/gcs_45_noisy/common_voice_de_17631761_noise_7965-3-16-0_snr0.wav,gcs_45_noisy,0.0,0.0,2.976,...,-1.6831339001655579,0.0,,0.0645888937957665,0.42570096254348755
/home/marlow/Documents/GCS_Speech_Thesis/data/test_set/gcs_45_noisy/common_voice_de_27994620_noise_6902-2-0-9_snr10.wav,gcs_45_noisy,10.0,0.48,5.076,Wir brauchen nur einen Tansiet schwerverkehrsverbot.,-0.5486086677102482,0.6666666666666666,4648.09130859375,0.5654084545782199,0.06895913928747177
/home/marlow/Documents/GCS_Speech_Thesis/data/test_set/gcs_45_noisy/common_voice_de_18877643_noise_39857-5-3-0_snr15.wav,gcs_45_noisy,15.0,0.032,5.76,Bei der kleinsten Unstimmigkeit wird Alarm ausgelöst.,-0.41472435494263965,0.7142857142857143,50.694297790527344,0.4119540399055467,0.0067016263492405415
/home/marlow/Documents/GCS_Speech_Thesis/data/test_set/gcs_45_noisy/common_voice_de_32219002_noise_34871-3-9-0_snr15.wav,gcs_45_noisy,15.0,0.704,4.576,Der Hintergrund davon ist die schrittweise Veränderung der langen Masse.,-0.27128372873578754,0.7,324.8875732421875,0.980863517850699,0.007697257213294506
/home/marlow/Documents/GCS_Speech_Thesis/data/test_set/gcs_45_noisy/common_voice_de_19789961_noise_34871-3-9-0_snr5.wav,gcs_45_noisy,5.0,0.0,4.92,Im Norden befindet sich der trocken Übungsplatz pitch.,-0.4208470649189419,0.625,583.7244873046875,0.5537108017506635,0.013196725398302078
/home/marlow/Documents/GCS_Speech_Thesis/data/test_set/gcs_45_noisy/common_voice_de_26035885_noise_15544-5-0-3_snr5.wav,gcs_45_noisy,5.0,0.0,5.076,"Er war der vorletzten professioneller Eishockey-Cover, der ohne Masse gespielt hat.",-0.7610000813448871,0.8181818181818182,339.96044921875,0.7116421851367578,0.1995047628879547
/home/marlow/Documents/GCS_Speech_Thesis/data/test_set/gcs_45_noisy/common_voice_de_35086352_noise_14772-7-0-0_snr15.wav,gcs_45_noisy,15.0,0.032,7.456,"So stellt diese Substanzklasse für einen Großteil der infizierten, keine weckungsvolle Therapieoption dar.",-0.396414658715648,0.6923076923076923,376.5185546875,0.7831222030166953,0.03488750010728836
/home/marlow/Documents/GCS_Speech_Thesis/data/test_set/gcs_45_noisy/common_voice_de_23362970_noise_34871-3-9-0_snr-5.wav,gcs_45_noisy,-5.0,0.0,5.832,Sie kann mit entsprechender Wutzlast auch zur elektronischen Kampfwürder gewurzt werden.,-0.5970223045349121,0.7272727272727273,1531.185302734375,0.8658371533730317,0.057653702795505524
/home/marlow/Documents/GCS_Speech_Thesis/data/test_set/gcs_45_noisy/common_voice_de_32142970_noise_17486-3-1-0_snr15.wav,gcs_45_noisy,15.0,1.024,3.328,auf Bebust geschmacklose Weise.,-0.5206655519349235,0.75,5730.53662109375,0.9096154922578231,0.007176586892455816
/home/marlow/Documents/GCS_Speech_Thesis/data/test_set/gcs_45_noisy/common_voice_de_32142970_noise_17486-3-1-0_snr15.wav,gcs_45_noisy,15.0,3.36,4.064,15.,-0.9617490768432617,1.0,7.905641555786133,0.8292677846144546,0.23469460010528564
/home/marlow/Documents/GCS_Speech_Thesis/data/test_set/gcs_45_noisy/common_voice_de_32142970_noise_17486-3-1-0_snr15.wav,gcs_45_noisy,15.0,4.128,7.168,patriarchalische Gesellschaft auf Skongenommen.,-0.9599190858694223,0.5,757.9566650390625,0.8940805923291727,0.02510868012905121
/home/marlow/Documents/GCS_Speech_Thesis/data/test_set/gcs_45_noisy/common_voice_de_26581282_noise_6902-2-0-9_snr15.wav,gcs_45_noisy,15.0,0.32,5.58,Das System selbst ist voll digitalisiert und weiß keine wesentlichen analogen Komponenten,-0.33135598456418075,0.8333333333333334,142.81625366210938,0.9210154923299948,0.0010905714007094502
/home/marlow/Documents/GCS_Speech_Thesis/data/test_set/gcs_45_noisy/common_voice_de_25640194_noise_17486-3-1-0_snr15.wav,gcs_45_noisy,15.0,0.608,3.104,Es werden keine Früchte gebildet.,-0.3733798632254967,0.8,108.06182098388672,0.9755445527724731,0.03416740521788597
/home/marlow/Documents/GCS_Speech_Thesis/data/test_set/gcs_45_noisy/common_voice_de_17518836_noise_14772-7-0-0_snr15.wav,gcs_45_noisy,15.0,1.248,5.6,Hierzulande stoßen die Vorschläge spontan fix auf nicht viel zustimmen.,-0.5838454961776733,0.9,1609.5615234375,0.8412926750983495,0.016441097483038902
/home/marlow/Documents/GCS_Speech_Thesis/data/test_set/gcs_45_noisy/common_voice_de_18231553_noise_14772-7-0-0_snr15.wav,gcs_45_noisy,15.0,0.704,1.728,"Ja, ich komme jetzt gleich.",-0.5886707425117492,1.0,14.0247163772583,0.9323449151124805,0.02275671437382698
/home/marlow/Documents/GCS_Speech_Thesis/data/test_set/gcs_45_noisy/common_voice_de_18674886_noise_6902-2-0-9_snr10.wav,gcs_45_noisy,10.0,0.032,3.648,Meditarle Skieber ist das Gegenteil davon.,-0.6949011236429214,0.5,436.36968994140625,0.6540233134704155,0.02016538940370083
/home/marlow/Documents/GCS_Speech_Thesis/data/test_set/gcs_45_noisy/common_voice_de_18375683_noise_17486-3-1-0_snr0.wav,gcs_45_noisy,0.0,0.0,4.056,Cairo ist der Hauptstadt mit Gepäten.,-0.8638399759928386,0.5,360.88397216796875,0.6542815213920329,0.091280497610569
/home/marlow/Documents/GCS_Speech_Thesis/data/test_set/gcs_45_noisy/common_voice_de_28893541_noise_14772-7-0-0_snr15.wav,gcs_45_noisy,15.0,0.032,3.072,Stattdessen lichen die Gäste zur Haltzeit aus.,-0.41346150322964315,0.5714285714285714,886.6918334960938,0.8126535610344849,0.03961025923490524
/home/marlow/Documents/GCS_Speech_Thesis/data/test_set/gcs_45_noisy/common_voice_de_17631761_noise_7965-3-16-0_snr10.wav,gcs_45_noisy,10.0,0.032,2.976,"Ja, ja.",-1.3477836677006312,1.0,5.293044567108154,0.5404112569015959,0.5936393141746521
/home/marlow/Documents/GCS_Speech_Thesis/data/test_set/gcs_45_noisy/common_voice_de_18205673_noise_14772-7-0-0_snr0.wav,gcs_45_noisy,0.0,0.0,5.064,"und wir sehr kickt die Petra in diese Gebinde, werden aber schneller ansehen.",-1.0359549522399902,0.8461538461538461,768.2003784179688,0.7304960313288249,0.20719841122627258
/home/marlow/Documents/GCS_Speech_Thesis/data/test_set/gcs_45_noisy/common_voice_de_20308848_noise_34871-3-9-0_snr10.wav,gcs_45_noisy,10.0,0.0,6.288,Ähnlich sieht es auch bei anderen Genehmigungen nach ATG.,-0.37109456128544277,0.7777777777777778,125.53850555419922,0.6804871158328843,0.006789821200072765
/home/marlow/Documents/GCS_Speech_Thesis/data/test_set/gcs_45_noisy/common_voice_de_24370874_noise_7965-3-16-0_snr15.wav,gcs_45_noisy,15.0,0.576,2.272,Bitte schicken Sie einen Techniker.,-0.34616020592776214,0.8,118.64405059814453,0.8543056907430994,0.14825339615345
/home/marlow/Documents/GCS_Speech_Thesis/data/test_set/gcs_45_noisy/common_voice_de_24370874_noise_7965-3-16-0_snr15.wav,gcs_45_noisy,15.0,2.528,4.448,Diese Abstimmungsmaschine ist kaputt.,-0.41554418893960804,0.75,139.38230895996094,0.9518605401118596,0.011126558296382427
/home/marlow/Documents/GCS_Speech_Thesis/data/test_set/gcs_45_noisy/common_voice_de_24370874_noise_7965-3-16-0_snr15.wav,gcs_45_noisy,15.0,4.704,5.664,völlig demoliert.,-0.6157798085893903,1.0,13.233847618103027,0.9393469293912252,0.06653086841106415
/home/marlow/Documents/GCS_Speech_Thesis/data/test_set/gcs_45_noisy/common_voice_de_27654422_noise_15544-5-0-3_snr0.wav,gcs_45_noisy,0.0,0.0,6.516,"Ich würde sagen, dass es nicht so wichtig ist, dass es nicht so wichtig ist, dass es nicht so wichtig ist.",-1.2113693526812963,1.0,4.160003662109375,0.7722750542521039,0.29924148321151733
/home/marlow/Documents/GCS_Speech_Thesis/data/test_set/gcs_45_noisy/common_voice_de_18566642_noise_6902-2-0-9_snr10.wav,gcs_45_noisy,10.0,0.0,2.592,Hier ist noch zu den zwei Entehungen.,-0.8335079593317849,0.8571428571428571,880.0638427734375,0.5434875452968603,0.031934093683958054
/home/marlow/Documents/GCS_Speech_Thesis/data/test_set/gcs_45_noisy/common_voice_de_32140733_noise_14772-7-0-0_snr5.wav,gcs_45_noisy,5.0,0.0,6.732,Während der Semester Ferien radizierte er beim Bauunternehmen Josef Riehren.,-0.6099844551086426,0.4,1384.1876220703125,0.759741301892184,0.011036716401576996
/home/marlow/Documents/GCS_Speech_Thesis/data/test_set/gcs_45_noisy/common_voice_de_22751424_noise_39857-5-3-0_snr-5.wav,gcs_45_noisy,-5.0,0.0,8.688,Auf die Tare der Kolle.,-1.1207381449639797,0.6,2591.67138671875,0.2890836205008193,0.44679832458496094
/home/marlow/Documents/GCS_Speech_Thesis/data/test_set/gcs_45_noisy/common_voice_de_29109756_noise_34871-3-9-0_snr5.wav,gcs_45_noisy,5.0,0.0,5.004,Danach wurde der Richtigkeit auch dieser Mitteilung abgestritten.,-0.5097231656312943,0.75,572.7369995117188,0.3047456104668179,0.04421055316925049
/home/marlow/Documents/GCS_Speech_Thesis/data/test_set/gcs_45_noisy/common_voice_de_21078860_noise_39857-5-3-0_snr-5.wav,gcs_45_noisy,-5.0,0.0,4.776,"Ja, okay, okay, okay, okay, okay, okay.",-1.0842381645651424,1.0,4.061798095703125,0.1509624172661764,0.3600502908229828
/home/marlow/Documents/GCS_Speech_Thesis/data/test_set/gcs_45_noisy/common_voice_de_21349834_noise_6902-2-0-9_snr5.wav,gcs_45_noisy,5.0,0.0,6.984,Nach meiner Auflassung und Tony mit dem Redebeitrag ein unergendes Konzept.,-0.6287808003632919,0.5454545454545454,1240.648193359375,0.6702553656323788,0.012438055127859116
/home/marlow/Documents/GCS_Speech_Thesis/data/test_set/gcs_45_noisy/common_voice_de_40232357_noise_34871-3-9-0_snr-5.wav,gcs_45_noisy,-5.0,0.0,6.588,"Andererseits waren diese Beunrufe passare bezahlt, da sie besonders benassen waren.",-0.4974457671244939,0.7272727272727273,2146.28466796875,0.8050271889513575,0.016148641705513
/home/marlow/Documents/GCS_Speech_Thesis/data/test_set/gcs_45_noisy/common_voice_de_26152160_noise_6902-2-0-9_snr5.wav,gcs_45_noisy,5.0,0.0,4.032,Er verkauft radlose Produkte und Router.,-0.4712733030319214,0.5,633.8641357421875,0.6333342435536906,0.019424589350819588
/home/marlow/Documents/GCS_Speech_Thesis/data/test_set/gcs_45_noisy/common_voice_de_22751424_noise_39857-5-3-0_snr5.wav,gcs_45_noisy,5.0,0.0,8.688,Haupt- und Pedalwerk folgen in der Diskussion der ersten Orgel von Johann von Radmüller.,-0.5648679954034311,0.5714285714285714,225.19859313964844,0.5077685116598064,0.2264862060546875
/home/marlow/Documents/GCS_Speech_Thesis/data/test_set/gcs_45_noisy/common_voice_de_20430017_noise_6902-2-0-9_snr-5.wav,gcs_45_noisy,-5.0,0.0,5.832,Er sollte erftige Brüste erhäumten Paratü eingestellt werden.,-0.7971532468994459,0.625,2348.9853515625,0.6392450391065553,0.0561508908867836
/home/marlow/Documents/GCS_Speech_Thesis/data/test_set/gcs_45_noisy/common_voice_de_22088142_noise_7965-3-16-0_snr-5.wav,gcs_45_noisy,-5.0,0.0,2.736,Nein.,-0.8746174812316895,1.0,3.7525110244750977,0.19256648244227953,0.27650052309036255
/home/marlow/Documents/GCS_Speech_Thesis/data/test_set/gcs_45_noisy/common_voice_de_32150152_noise_22973-3-0-0_snr15.wav,gcs_45_noisy,15.0,0.512,6.876,"das erkennende tieferen Geheimnisse der Platte, sei nur eine de vielen Freuden.",-0.41991225242614744,0.8333333333333334,1821.85986328125,0.7837121608165729,0.0003717356303241104
/home/marlow/Documents/GCS_Speech_Thesis/data/test_set/gcs_45_noisy/common_voice_de_32219002_noise_34871-3-9-0_snr-5.wav,gcs_45_noisy,-5.0,0.0,5.328,"Der Hintergrund der Falt ist geschickt, weiss er, weil er in der Umwelt auch nicht anfangs ist.",-1.173045355698158,0.7647058823529411,295.2890930175781,0.6950154450839151,0.05327385663986206
/home/marlow/Documents/GCS_Speech_Thesis/data/test_set/gcs_45_noisy/common_voice_de_18952561_noise_15544-5-0-3_snr5.wav,gcs_45_noisy,5.0,0.0,3.288,"Vor allem, aber es gibt viele Bereitheiten.",-1.1352922235216414,0.8571428571428571,85.33097076416016,0.47514576723830754,0.08711184561252594
/home/marlow/Documents/GCS_Speech_Thesis/data/test_set/gcs_45_noisy/common_voice_de_25640194_noise_17486-3-1-0_snr5.wav,gcs_45_noisy,5.0,0.0,4.284,Es werden keine Früchte gebildet.,-0.3782846744243915,0.8,108.06182098388672,0.5312981013624117,0.029849257320165634
/home/marlow/Documents/GCS_Speech_Thesis/data/test_set/gcs_45_noisy/common_voice_de_36917754_noise_14772-7-0-0_snr15.wav,gcs_45_noisy,15.0,0.032,6.24,Die beiden Sehen befinden sich vollständig innerhalb des Bound as Biring Nationalpots.,-0.49180951217810315,0.6666666666666666,1567.6204833984375,0.7306785677539721,0.0667453482747078
/home/marlow/Documents/GCS_Speech_Thesis/data/test_set/gcs_45_noisy/common_voice_de_36917754_noise_14772-7-0-0_snr15.wav,gcs_45_noisy,15.0,6.336,9.984,der zum T-Wahi-Prona-Mun Weltnaturerbe gehört.,-0.730626721273769,0.6,577.8922119140625,0.8189349881406024,0.019113212823867798
/home/marlow/Documents/GCS_Speech_Thesis/data/test_set/gcs_45_noisy/common_voice_de_18889883_noise_14772-7-0-0_snr0.wav,gcs_45_noisy,0.0,0.0,3.624,"Ich glaube, das ist nicht so gut.",-1.5139937698841095,1.0,8.55599308013916,0.36017305836114183,0.3781445622444153
/home/marlow/Documents/GCS_Speech_Thesis/data/test_set/gcs_45_noisy/common_voice_de_18543618_noise_6902-2-0-9_snr15.wav,gcs_45_noisy,15.0,0.544,3.616,Das Knistern gehört bei Schallblatt einfach dazu.,-0.49739789217710495,0.8571428571428571,558.4705810546875,0.8665177762365298,0.0003953942214138806
/home/marlow/Documents/GCS_Speech_Thesis/data/test_set/gcs_45_noisy/common_voice_de_20308848_noise_34871-3-9-0_snr5.wav,gcs_45_noisy,5.0,0.0,6.288,Ähnlich ist dieses auch bei anderen Genehmigungen nach ATG.,-0.5542544159624312,0.7777777777777778,212.82785034179688,0.721369621979763,0.015368734486401081
/home/marlow/Documents/GCS_Speech_Thesis/data/test_set/gcs_45_noisy/common_voice_de_18660823_noise_34871-3-9-0_snr15.wav,gcs_45_noisy,15.0,0.672,3.168,Wie ist das jetzt die Wechselkurs zum Opel?,-0.8660017512738705,0.75,745.1556396484375,0.8368560147280686,0.01765657216310501
/home/marlow/Documents/GCS_Speech_Thesis/data/test_set/gcs_45_noisy/common_voice_de_31829558_noise_34871-3-9-0_snr5.wav,gcs_45_noisy,5.0,0.0,5.436,Wegen eines mechanischen Defekts vieler in Großbritannien aus.,-0.39281532877967473,0.75,417.8075256347656,0.8494412120212527,0.07586564123630524
/home/marlow/Documents/GCS_Speech_Thesis/data/test_set/gcs_45_noisy/common_voice_de_37211024_noise_22973-3-0-0_snr10.wav,gcs_45_noisy,10.0,0.0,4.576,"Kurz zu, bliebter sich in zwei Stadtbezirke und neun Kreise.",-0.5987067148089409,0.8,451.5642395019531,0.6779300017201771,0.015123956836760044
/home/marlow/Documents/GCS_Speech_Thesis/data/test_set/gcs_45_noisy/common_voice_de_31015741_noise_22973-3-0-0_snr10.wav,gcs_45_noisy,10.0,0.0,8.1,Die Christosgierch ist am Backstrandbau im Stil der Neugotik mit klassicistischen Ölmen.,-0.6828926876187325,0.5,1200.53466796875,0.6702687477048552,0.05650664493441582
/home/marlow/Documents/GCS_Speech_Thesis/data/test_set/gcs_45_noisy/common_voice_de_18538701_noise_6902-2-0-9_snr0.wav,gcs_45_noisy,0.0,0.0,5.496,Der Arschung von Rotterdamen ist in Europa der bedeutsamste Umschlagplatz Wirkung Himmen.,-0.5291843584605626,0.5,1934.7406005859375,0.7539670981011938,0.13562573492527008
/home/marlow/Documents/GCS_Speech_Thesis/data/test_set/gcs_45_noisy/common_voice_de_17361853_noise_7965-3-16-0_snr15.wav,gcs_45_noisy,15.0,0.032,2.736,"Er weiß nicht, was er da tut.",-0.34360409031311673,1.0,7.548074245452881,0.514527545942538,0.04021443426609039
/home/marlow/Documents/GCS_Speech_Thesis/data/test_set/gcs_45_noisy/common_voice_de_17404145_noise_39857-5-3-0_snr15.wav,gcs_45_noisy,15.0,1.248,2.912,mit der Tabulator-Taste.,-0.536553209478205,0.6666666666666666,29.054698944091797,0.885462082313517,0.15762703120708466
/home/marlow/Documents/GCS_Speech_Thesis/data/test_set/gcs_45_noisy/common_voice_de_17404145_noise_39857-5-3-0_snr15.wav,gcs_45_noisy,15.0,3.104,3.872,mit den Autos.,-0.8992402702569962,0.6666666666666666,161.88650512695312,0.9105831980705261,0.19380955398082733
/home/marlow/Documents/GCS_Speech_Thesis/data/test_set/gcs_45_noisy/common_voice_de_17404145_noise_39857-5-3-0_snr15.wav,gcs_45_noisy,15.0,3.968,5.152,vervollständig umr backen.,-1.0425386726856232,0.3333333333333333,2102.990966796875,0.8653976216509536,0.15432687103748322
/home/marlow/Documents/GCS_Speech_Thesis/data/test_set/gcs_45_noisy/common_voice_de_17404145_noise_39857-5-3-0_snr15.wav,gcs_45_noisy,15.0,5.184,5.568,Kippiet.,-1.5681986127580916,0.0,1237.53857421875,0.9422360757986704,0.4210744798183441
/home/marlow/Documents/GCS_Speech_Thesis/data/test_set/gcs_45_noisy/common_voice_de_24370874_noise_7965-3-16-0_snr5.wav,gcs_45_noisy,5.0,0.0,6.66,"Bitte schicken Sie einen Techniker. Diese Abstimmungsmaschine ist kaputt, völlig demoliert.",-0.3516512203216553,0.8181818181818182,151.38978576660156,0.819443165008246,0.07668404281139374
/home/marlow/Documents/GCS_Speech_Thesis/data/test_set/gcs_45_noisy/common_voice_de_26035885_noise_15544-5-0-3_snr10.wav,gcs_45_noisy,10.0,0.0,5.076,"Er war der volle, zu professioneller Eishochikvorker, der ohne Maske gespielt hat.",-0.7183117057595935,0.8333333333333334,651.1541748046875,0.7305514784542618,0.09300455451011658
/home/marlow/Documents/GCS_Speech_Thesis/data/test_set/gcs_45_noisy/common_voice_de_18543618_noise_6902-2-0-9_snr0.wav,gcs_45_noisy,0.0,0.0,4.632,Das genießt dann mit der Schallblatt einfach dazu.,-0.8782695321475759,0.875,3057.510498046875,0.6998797837837503,0.032394956797361374
/home/marlow/Documents/GCS_Speech_Thesis/data/test_set/gcs_45_noisy/common_voice_de_17361853_noise_7965-3-16-0_snr-5.wav,gcs_45_noisy,-5.0,0.0,2.736,"Er weiß nicht, dass er da geht.",-1.0524807473023732,1.0,20.25604248046875,0.4829873894984282,0.16442108154296875
/home/marlow/Documents/GCS_Speech_Thesis/data/test_set/gcs_45_noisy/common_voice_de_23965117_noise_7965-3-16-0_snr5.wav,gcs_45_noisy,5.0,0.0,4.128,In der Fischung-Type wird es die Fähnchen.,-1.0912150081835295,0.7142857142857143,282.4801025390625,0.6980614685056399,0.11687859147787094
/home/marlow/Documents/GCS_Speech_Thesis/data/test_set/gcs_45_noisy/common_voice_de_37211024_noise_22973-3-0-0_snr5.wav,gcs_45_noisy,5.0,0.0,4.608,Kozu bietet sich in zwei Stadtbezirke und neun Kreise.,-0.7558362256912958,0.7777777777777778,188.8787078857422,0.6835269168065375,0.06780900061130524
/home/marlow/Documents/GCS_Speech_Thesis/data/test_set/gcs_45_noisy/common_voice_de_20935597_noise_15544-5-0-3_snr0.wav,gcs_45_noisy,0.0,0.0,3.648,Dieser Name ist jedoch umgearbeitet.,-1.019422819217046,0.8,158.85643005371094,0.6131014898991245,0.1651744842529297
/home/marlow/Documents/GCS_Speech_Thesis/data/test_set/gcs_45_noisy/common_voice_de_27994620_noise_6902-2-0-9_snr5.wav,gcs_45_noisy,5.0,0.0,5.076,Wir brauchen nur einen Tanzitschwerverkehrsverbot.,-0.5442265903248507,0.8,1885.3939208984375,0.5674651530995941,0.08733900636434555
/home/marlow/Documents/GCS_Speech_Thesis/data/test_set/gcs_45_noisy/common_voice_de_23851939_noise_39857-5-3-0_snr0.wav,gcs_45_noisy,0.0,0.0,4.368,"aus diesem Grund, dass es sinnvoll von Koalition der Winkel zu sprechen.",-0.6067130267620087,0.75,408.7378234863281,0.8398439812943013,0.12973463535308838
/home/marlow/Documents/GCS_Speech_Thesis/data/test_set/gcs_45_noisy/common_voice_de_22209491_noise_14772-7-0-0_snr10.wav,gcs_45_noisy,10.0,0.0,4.776,Eine Busverbindung binden den Ort an die Nachbargemeinland.,-0.429951526616749,0.625,608.5400390625,0.6901632882383031,0.007583406753838062
/home/marlow/Documents/GCS_Speech_Thesis/data/test_set/gcs_45_noisy/common_voice_de_27265447_noise_15544-5-0-3_snr-5.wav,gcs_45_noisy,-5.0,0.0,6.804,Die Geist war ein kurzer Hochschwung zur sozialistischen Seite in der Hälfte der amerikanischen Bewegung.,-0.6911295844662574,0.6666666666666666,528.0365600585938,0.744148457610866,0.13467849791049957
/home/marlow/Documents/GCS_Speech_Thesis/data/test_set/gcs_45_noisy/common_voice_de_20238179_noise_7965-3-16-0_snr-5.wav,gcs_45_noisy,-5.0,0.0,10.512,Es gab auch erstmals Unterstützung für Einfachness and Workflow Management.,-0.7471872336334653,0.5,592.9976806640625,0.7233712734897991,0.2088758945465088
/home/marlow/Documents/GCS_Speech_Thesis/data/test_set/gcs_45_noisy/common_voice_de_20203539_noise_15544-5-0-3_snr15.wav,gcs_45_noisy,15.0,0.0,8.736,Sie kann wie die Itzu Kaiji Linie als Teil der Tuhooklinie betraftet werden.,-0.5828447066820585,0.6153846153846154,970.0304565429688,0.751611281057134,0.008204051293432713
/home/marlow/Documents/GCS_Speech_Thesis/data/test_set/gcs_45_noisy/common_voice_de_18619274_noise_15544-5-0-3_snr15.wav,gcs_45_noisy,15.0,0.032,4.352,"Erwaken am Main, wir sehen erst die Spitze des Eisbergs.",-0.5675669848918915,0.7,272.7207946777344,0.6580445480137617,0.015550436452031136
/home/marlow/Documents/GCS_Speech_Thesis/data/test_set/gcs_45_noisy/common_voice_de_41195788_noise_39857-5-3-0_snr-5.wav,gcs_45_noisy,-5.0,0.0,3.6,Wir sind zu Hause.,-1.4091810643672944,1.0,12.467751502990723,0.42580732037272073,0.583127498626709
/home/marlow/Documents/GCS_Speech_Thesis/data/test_set/gcs_45_noisy/common_voice_de_20288218_noise_7965-3-16-0_snr0.wav,gcs_45_noisy,0.0,0.0,5.808,Die zwölf Abrastelkirche ist bis heute die größte Kirche der Stadt.,-0.4626876525580883,0.7272727272727273,97.01964569091797,0.7782521208871033,0.11399900913238525
/home/marlow/Documents/GCS_Speech_Thesis/data/test_set/gcs_45_noisy/common_voice_de_31829558_noise_34871-3-9-0_snr10.wav,gcs_45_noisy,10.0,0.0,5.436,Wegen eines mechanischen Defekts vieler in Großbritannien aus.,-0.33081525848025367,0.75,417.8075256347656,0.7321847263454829,0.10483594238758087
/home/marlow/Documents/GCS_Speech_Thesis/data/test_set/gcs_45_noisy/common_voice_de_18474539_noise_14772-7-0-0_snr15.wav,gcs_45_noisy,15.0,0.0,3.712,jedenfalls verschlüsselt dieses System automatisch.,-0.37393187412193846,0.8,136.7237548828125,0.8615393064653196,0.0015105645870789886
/home/marlow/Documents/GCS_Speech_Thesis/data/test_set/gcs_45_noisy/common_voice_de_29109756_noise_34871-3-9-0_snr-5.wav,gcs_45_noisy,-5.0,0.0,5.004,Danach wurden die Richtigkeit auch dieser Minteilung abgestritten.,-0.6604436465672084,0.75,950.1173706054688,0.4480572944436746,0.054105307906866074
/home/marlow/Documents/GCS_Speech_Thesis/data/test_set/gcs_45_noisy/common_voice_de_22120676_noise_15544-5-0-3_snr5.wav,gcs_45_noisy,5.0,0.0,1.656,Ja.,-0.6523307800292969,1.0,3.881849765777588,0.12213537193635532,0.16442908346652985
/home/marlow/Documents/GCS_Speech_Thesis/data/test_set/gcs_45_noisy/common_voice_de_18496319_noise_7965-3-16-0_snr-5.wav,gcs_45_noisy,-5.0,0.0,3.864,Der erzählt am Alter des Hüstenhausen.,-1.0487263713564192,0.8333333333333334,7062.99951171875,0.6268164940921144,0.0950947180390358
/home/marlow/Documents/GCS_Speech_Thesis/data/test_set/gcs_45_noisy/common_voice_de_18696465_noise_17486-3-1-0_snr0.wav,gcs_45_noisy,0.0,0.0,4.152,und noch in der Herdschade war für die Alternative der Kostner.,-1.3090426581246513,0.8181818181818182,774.6338500976562,0.697735185807911,0.13959938287734985
/home/marlow/Documents/GCS_Speech_Thesis/data/test_set/gcs_45_noisy/common_voice_de_40232357_noise_34871-3-9-0_snr10.wav,gcs_45_noisy,10.0,0.0,6.588,"Andererseits waren diese Berufe passabel bezahlt, da sie besonders belastend waren.",-0.3016871549189091,1.0,64.11619567871094,0.7739526934545087,0.0032046218402683735
/home/marlow/Documents/GCS_Speech_Thesis/data/test_set/gcs_45_noisy/common_voice_de_20036670_noise_34871-3-9-0_snr-5.wav,gcs_45_noisy,-5.0,0.0,7.272,Der Besiebte der Bayern-Warschaure im Band haben Gericht und Fynn in der E-Nil-Jerven-Ele nach Bunter.,-0.8593631878495216,0.6666666666666666,2981.84228515625,0.8302133805200196,0.00744216563180089
/home/marlow/Documents/GCS_Speech_Thesis/data/test_set/gcs_45_noisy/common_voice_de_19789961_noise_34871-3-9-0_snr-5.wav,gcs_45_noisy,-5.0,0.0,4.92,Im Norden befindet sich der trockenen Grundplatz bitt.,-0.7372916638851166,0.625,858.4925537109375,0.06265494108820703,0.02398443967103958
/home/marlow/Documents/GCS_Speech_Thesis/data/test_set/gcs_45_noisy/common_voice_de_23349794_noise_22973-3-0-0_snr10.wav,gcs_45_noisy,10.0,0.0,2.976,Klasse mit Perfekt.,-0.9955538034439086,1.0,187.64544677734375,0.5464030997305032,0.14653730392456055
/home/marlow/Documents/GCS_Speech_Thesis/data/test_set/gcs_45_noisy/common_voice_de_37833576_noise_7965-3-16-0_snr-5.wav,gcs_45_noisy,-5.0,0.0,6.516,"Dies filmiert uns in die Exztenz,",-1.2486484909057618,0.6666666666666666,2466.43896484375,0.727567843380658,0.04951057210564613
/home/marlow/Documents/GCS_Speech_Thesis/data/test_set/gcs_45_noisy/common_voice_de_26581282_noise_6902-2-0-9_snr0.wav,gcs_45_noisy,0.0,0.0,5.58,"Das ist ziemlich selbstlich voll, die ich realisiert und weiß keine wesentlichen Analogenkonvonern mehr haben.",-0.8756442765394846,0.8666666666666667,2393.91162109375,0.519741269217671,0.030780496075749397
/home/marlow/Documents/GCS_Speech_Thesis/data/test_set/gcs_45_noisy/common_voice_de_36468354_noise_17486-3-1-0_snr15.wav,gcs_45_noisy,15.0,0.8,4.192,Bei der wissenschaftlichen Aufarbeitung der Massenpsychologie,-0.4391775972702924,0.6666666666666666,136.21365356445312,0.9218251818553809,0.014574351720511913
/home/marlow/Documents/GCS_Speech_Thesis/data/test_set/gcs_45_noisy/common_voice_de_36468354_noise_17486-3-1-0_snr15.wav,gcs_45_noisy,15.0,4.224,7.168,stosen klassische Methoden sehr schnell an ihre Grenzen.,-0.5536050908267498,0.75,141.99534606933594,0.987429603934288,0.05845110863447189
/home/marlow/Documents/GCS_Speech_Thesis/data/test_set/gcs_45_noisy/common_voice_de_32818705_noise_34871-3-9-0_snr-5.wav,gcs_45_noisy,-5.0,0.0,8.388,Die Konzentration des untrinsischen Faktors im Magenzaff ist mitunter bis auf Mauer wieder passiert.,-0.6103276828924815,0.7142857142857143,705.0697021484375,0.8405199294180358,0.0320073738694191
/home/marlow/Documents/GCS_Speech_Thesis/data/test_set/gcs_45_noisy/common_voice_de_25640194_noise_17486-3-1-0_snr0.wav,gcs_45_noisy,0.0,0.0,4.284,Es wäre dann kein Früchte gebildet.,-0.7375897083963666,0.8333333333333334,1861.8394775390625,0.5837336003922844,0.04742500185966492
/home/marlow/Documents/GCS_Speech_Thesis/data/test_set/gcs_45_noisy/common_voice_de_18644827_noise_22973-3-0-0_snr-5.wav,gcs_45_noisy,-5.0,0.0,5.784,Gutes macht den ersten Versionen mit der Blockfotos und alle anderen halten sich störend.,-1.1402216720581055,0.8571428571428571,638.1712646484375,0.2896145807092917,0.04875156283378601
/home/marlow/Documents/GCS_Speech_Thesis/data/test_set/gcs_45_noisy/common_voice_de_19851717_noise_22973-3-0-0_snr-5.wav,gcs_45_noisy,-5.0,0.0,6.216,"Ein Gemeinderat wurde gebildet, zu dem Sie uns in der Geschäftsführerschaft zugaschen sich.",-1.0666916881288802,0.7692307692307693,600.7890625,0.4409409636822649,0.10678045451641083
/home/marlow/Documents/GCS_Speech_Thesis/data/test_set/gcs_45_noisy/common_voice_de_27286846_noise_7965-3-16-0_snr5.wav,gcs_45_noisy,5.0,0.0,4.428,Danach war er Kim Lazio Leora im Rennen.,-0.8037695847451687,0.625,1355.6309814453125,0.5565186205314616,0.17175281047821045
/home/marlow/Documents/GCS_Speech_Thesis/data/test_set/gcs_45_noisy/common_voice_de_25554330_noise_17486-3-1-0_snr15.wav,gcs_45_noisy,15.0,0.544,4.896,"Da die Situation die äußerste Grenze erreicht hat, bleibt nicht mehr viel zu sein.",-0.47367302231166675,0.9285714285714286,41.30766677856445,0.8677215099530312,0.015089972876012325
/home/marlow/Documents/GCS_Speech_Thesis/data/test_set/gcs_45_noisy/common_voice_de_22171318_noise_14772-7-0-0_snr15.wav,gcs_45_noisy,15.0,0.0,6.208,"Ich hoffe, dass Parlament wird diesen Proteste externalisierung auch weiterhin tun.",-0.7408313287629021,0.7272727272727273,584.7555541992188,0.9200138857242527,0.007074276451021433
/home/marlow/Documents/GCS_Speech_Thesis/data/test_set/gcs_45_noisy/common_voice_de_22171318_noise_14772-7-0-0_snr15.wav,gcs_45_noisy,15.0,6.24,7.456,Ja.,-1.113131046295166,1.0,3.881849765777588,0.39325324651527854,0.5602993369102478
/home/marlow/Documents/GCS_Speech_Thesis/data/test_set/gcs_45_noisy/common_voice_de_17329192_noise_22973-3-0-0_snr0.wav,gcs_45_noisy,0.0,0.0,4.584,als Zwischenstab auf der Hunde einfiebe.,-0.8294764347374439,0.5,3151.9951171875,0.39896131764140186,0.04961138218641281
/home/marlow/Documents/GCS_Speech_Thesis/data/test_set/gcs_45_noisy/common_voice_de_32140733_noise_14772-7-0-0_snr15.wav,gcs_45_noisy,15.0,0.032,6.176,Während der Semester Ferien praktizierte er beim Bauunternehmen Josef Riehl.,-0.37506825601061183,0.5,268.1891174316406,0.8583512123435261,0.011689235456287861
/home/marlow/Documents/GCS_Speech_Thesis/data/test_set/gcs_45_noisy/common_voice_de_19072795_noise_6902-2-0-9_snr15.wav,gcs_45_noisy,15.0,0.0,5.184,Das ist nicht so.,-1.7022318840026855,1.0,17.12799835205078,0.0018080311322277631,0.4390028715133667
/home/marlow/Documents/GCS_Speech_Thesis/data/test_set/gcs_45_noisy/common_voice_de_20995915_noise_34871-3-9-0_snr10.wav,gcs_45_noisy,10.0,0.0,5.088,Auf der gegenüberliegenden Motorweite liegt Walwöcke.,-0.842254079050488,0.6666666666666666,11084.859375,0.606767568957309,0.007725795730948448
/home/marlow/Documents/GCS_Speech_Thesis/data/test_set/gcs_45_noisy/common_voice_de_17510997_noise_7965-3-16-0_snr10.wav,gcs_45_noisy,10.0,0.032,3.504,Hat es letzte nach dem Magdeburg geregnet?,-0.5009859323501586,0.8571428571428571,731.79052734375,0.5929185341481387,0.0918363407254219
/home/marlow/Documents/GCS_Speech_Thesis/data/test_set/gcs_45_noisy/common_voice_de_40232357_noise_34871-3-9-0_snr15.wav,gcs_45_noisy,15.0,0.032,6.528,"Andererseits waren diese Berufe passabe bezahlt, da sie besonders belastend waren.",-0.2815471055607001,0.9090909090909091,254.68370056152344,0.7999225717680817,0.0020551381167024374
/home/marlow/Documents/GCS_Speech_Thesis/data/test_set/gcs_45_noisy/common_voice_de_23965117_noise_7965-3-16-0_snr15.wav,gcs_45_noisy,15.0,0.736,3.456,In der Fischenzeit wird Elite danger.,-0.6592617630958557,0.5,4316.8212890625,0.8836196090478231,0.034516967833042145
/home/marlow/Documents/GCS_Speech_Thesis/data/test_set/gcs_45_noisy/common_voice_de_22330315_noise_34871-3-9-0_snr5.wav,gcs_45_noisy,5.0,0.0,6.096,Zudem vernichtete ein Brand einige von Comp Tors enthürfen.,-0.5623484793163481,0.5555555555555556,1316.1405029296875,0.5548546798108778,0.04127396270632744
/home/marlow/Documents/GCS_Speech_Thesis/data/test_set/gcs_45_noisy/common_voice_de_20935597_noise_15544-5-0-3_snr10.wav,gcs_45_noisy,10.0,0.0,3.648,Dieser Name ist jedoch ungänglich.,-0.6343074820258401,0.6,269.605712890625,0.593705267789406,0.006599805783480406
/home/marlow/Documents/GCS_Speech_Thesis/data/test_set/gcs_45_noisy/common_voice_de_26009575_noise_34871-3-9-0_snr10.wav,gcs_45_noisy,10.0,0.0,5.472,"Ein zerbrochenes Schleppkuchen, die an einem Pfarringlinie befestigt ist, kann tödlich sein.",-0.480358412771514,0.8333333333333334,629.9735107421875,0.6972985118138016,0.002705516293644905
/home/marlow/Documents/GCS_Speech_Thesis/data/test_set/gcs_45_noisy/common_voice_de_19810260_noise_15544-5-0-3_snr0.wav,gcs_45_noisy,0.0,0.0,6.528,Auf nach seinem Weggang von Henderson lieb Marschul als Grammar und Bantley der Aktiv.,-0.7150118740705343,0.6428571428571429,5876.01806640625,0.6656849760175272,0.01947641186416149
/home/marlow/Documents/GCS_Speech_Thesis/data/test_set/gcs_45_noisy/common_voice_de_18889883_noise_14772-7-0-0_snr10.wav,gcs_45_noisy,10.0,0.0,3.624,Ich würde mal extra nie zufrieden werden.,-1.416999413416936,1.0,716.3583984375,0.5755622180387083,0.2745330333709717
/home/marlow/Documents/GCS_Speech_Thesis/data/test_set/gcs_45_noisy/common_voice_de_21979118_noise_17486-3-1-0_snr-5.wav,gcs_45_noisy,-5.0,0.0,4.44,Der ist auf den Weg.,-0.9652559616986442,1.0,44.572444915771484,0.7179111345208806,0.3434487581253052
/home/marlow/Documents/GCS_Speech_Thesis/data/test_set/gcs_45_noisy/common_voice_de_18877643_noise_39857-5-3-0_snr0.wav,gcs_45_noisy,0.0,0.0,6.456,Bei der kleinsten Stimmigkeit wird Alarm ausgehöst.,-0.6486047295963063,0.5714285714285714,1736.1378173828125,0.009985825573161185,0.21638736128807068
/home/marlow/Documents/GCS_Speech_Thesis/data/test_set/gcs_45_noisy/common_voice_de_17329192_noise_22973-3-0-0_snr5.wav,gcs_45_noisy,5.0,0.0,4.584,Als Zwischenstopp auf der Rute einfiebe.,-0.6256658211350441,0.5,281.3162841796875,0.35008835003750643,0.02200605347752571
/home/marlow/Documents/GCS_Speech_Thesis/data/test_set/gcs_45_noisy/common_voice_de_35566244_noise_6902-2-0-9_snr5.wav,gcs_45_noisy,5.0,0.0,6.408,Die Regenschaft zwar war schon wie an das Niedersächssische Kultusmies-Thea-Bin-Eber.,-0.9276943784771543,0.7,2055.274658203125,0.6381813972259973,0.043494127690792084
/home/marlow/Documents/GCS_Speech_Thesis/data/test_set/gcs_45_noisy/common_voice_de_27656900_noise_22973-3-0-0_snr0.wav,gcs_45_noisy,0.0,0.0,5.796,"Es betonen jeder, dass er sich hier erlediglich ins Ragen erlötet.",-0.7833941976229349,0.8181818181818182,928.1787109375,0.4790203832372144,0.04359486699104309
/home/marlow/Documents/GCS_Speech_Thesis/data/test_set/gcs_45_noisy/common_voice_de_27656900_noise_22973-3-0-0_snr5.wav,gcs_45_noisy,5.0,0.0,5.796,"Ich betone hier doch, dass es sich hierbei lediglich infrage in Hallöte.",-0.6311376864711443,0.9166666666666666,450.5539855957031,0.5637483565724224,0.027972502633929253
/home/marlow/Documents/GCS_Speech_Thesis/data/test_set/gcs_45_noisy/common_voice_de_17886559_noise_17486-3-1-0_snr-5.wav,gcs_45_noisy,-5.0,0.0,2.664,"Ja, du warst ja nicht.",-1.2261844765056262,1.0,58.041717529296875,0.3476847986069818,0.504235029220581
/home/marlow/Documents/GCS_Speech_Thesis/data/test_set/gcs_45_noisy/common_voice_de_41195788_noise_39857-5-3-0_snr15.wav,gcs_45_noisy,15.0,0.0,3.6,Der Turm hat eine geschweifte Haube.,-0.42486569881439207,0.6666666666666666,15.483329772949219,0.5688140964695969,0.05500279366970062
/home/marlow/Documents/GCS_Speech_Thesis/data/test_set/gcs_45_noisy/common_voice_de_35086352_noise_14772-7-0-0_snr0.wav,gcs_45_noisy,0.0,0.0,8.028,"So stellten die Substanzklasse für einen großen Teil der Infizierten,",-0.986779921395438,0.9,137.72476196289062,0.6513934477503259,0.20018693804740906
/home/marlow/Documents/GCS_Speech_Thesis/data/test_set/gcs_45_noisy/common_voice_de_22120676_noise_15544-5-0-3_snr15.wav,gcs_45_noisy,15.0,0.352,0.832,Ja.,-0.4887190818786621,1.0,3.881849765777588,0.36690853486846514,0.2657068967819214
/home/marlow/Documents/GCS_Speech_Thesis/data/test_set/gcs_45_noisy/common_voice_de_18793156_noise_14772-7-0-0_snr0.wav,gcs_45_noisy,0.0,0.0,5.352,"Ich werde auf das ist eine barne foroste Reignament,",-1.6599690278371175,0.6666666666666666,975.2247924804688,0.5826847263628484,0.43133339285850525
/home/marlow/Documents/GCS_Speech_Thesis/data/test_set/gcs_45_noisy/common_voice_de_31015741_noise_22973-3-0-0_snr0.wav,gcs_45_noisy,0.0,0.0,8.1,Die Christus-Bier-Standar-Kschonbauer ist hier der Land geholt mit quasi Zistischen Hermann.,-1.1641501224402226,0.6363636363636364,3401.3330078125,0.2317074840351722,0.15296165645122528
/home/marlow/Documents/GCS_Speech_Thesis/data/test_set/gcs_45_noisy/common_voice_de_18496319_noise_7965-3-16-0_snr15.wav,gcs_45_noisy,15.0,0.032,2.912,Der Erzähler macht eine Kunstpause.,-0.3945323626200358,0.6,133.38650512695312,0.6198245623619489,0.02222214825451374
/home/marlow/Documents/GCS_Speech_Thesis/data/test_set/gcs_45_noisy/common_voice_de_17404145_noise_39857-5-3-0_snr5.wav,gcs_45_noisy,5.0,0.0,6.384,Mit der Tabulator-Taste wird die Auto der Vollständigung aktiviert.,-0.5031305551528931,0.6666666666666666,66.63536834716797,0.15889114790741588,0.10546991229057312
/home/marlow/Documents/GCS_Speech_Thesis/data/test_set/gcs_45_noisy/common_voice_de_17510997_noise_7965-3-16-0_snr-5.wav,gcs_45_noisy,-5.0,0.0,3.504,"Hattest du es letztendem auf der Marketburg, die ich auch nötig habe?",-1.0284147759278615,0.8333333333333334,317.2789611816406,0.5460147165270014,0.13497231900691986
/home/marlow/Documents/GCS_Speech_Thesis/data/test_set/gcs_45_noisy/common_voice_de_26916127_noise_6902-2-0-9_snr10.wav,gcs_45_noisy,10.0,0.0,3.816,"Und auch Kirchen, Stadtteilen und Parks bespielt.",-0.6719720363616943,0.5714285714285714,419.6822509765625,0.4989692075015834,0.020974518731236458
/home/marlow/Documents/GCS_Speech_Thesis/data/test_set/gcs_45_noisy/common_voice_de_32140733_noise_14772-7-0-0_snr10.wav,gcs_45_noisy,10.0,0.0,6.24,Während der Semester Ferien radizierte er beim Bauunternehmen Josef Riehl.,-0.37965082625548047,0.4,509.95721435546875,0.8085871612557616,0.004080482758581638
/home/marlow/Documents/GCS_Speech_Thesis/data/test_set/gcs_45_noisy/common_voice_de_19072795_noise_6902-2-0-9_snr0.wav,gcs_45_noisy,0.0,0.0,5.184,"Ich will nicht, ich will nicht, ich will nicht.",-1.101057799657186,1.0,5.724377632141113,0.0004856445465924884,0.5990307331085205
/home/marlow/Documents/GCS_Speech_Thesis/data/test_set/gcs_45_noisy/common_voice_de_24370874_noise_7965-3-16-0_snr0.wav,gcs_45_noisy,0.0,0.0,6.66,"Bitte schicken Sie eine Techniker. Diese Abstimmungsmaschine ist kaputt, völlig demoliert.",-0.431863374710083,0.8181818181818182,240.37063598632812,0.24271934485045132,0.1511673629283905
/home/marlow/Documents/GCS_Speech_Thesis/data/test_set/gcs_45_noisy/common_voice_de_21349834_noise_6902-2-0-9_snr10.wav,gcs_45_noisy,10.0,0.0,6.984,Nach meiner Auffassung unterliegt mir den Redebeitrag ein grundleben des Concepts.,-0.6489239982936693,0.6363636363636364,1237.774658203125,0.6420596291042108,0.005215979181230068
/home/marlow/Documents/GCS_Speech_Thesis/data/test_set/gcs_45_noisy/common_voice_de_32150152_noise_22973-3-0-0_snr0.wav,gcs_45_noisy,0.0,0.0,6.876,Das Erkennen der tieferen Geheimnisse der Blätter seien nur eine definien Freude.,-0.6547134656172532,0.75,616.8467407226562,0.5637552825443827,0.027205239981412888
/home/marlow/Documents/GCS_Speech_Thesis/data/test_set/gcs_45_noisy/common_voice_de_25995501_noise_39857-5-3-0_snr-5.wav,gcs_45_noisy,-5.0,0.0,4.896,"Der Stoppich, der Knie, der Knie, der Knie, der Knie und dem Knie und dem Knie und dem Knie.",-1.3141238689422607,0.9473684210526315,15.579645156860352,0.3891806272436786,0.1755649745464325
/home/marlow/Documents/GCS_Speech_Thesis/data/test_set/gcs_45_noisy/common_voice_de_17665537_noise_14772-7-0-0_snr15.wav,gcs_45_noisy,15.0,0.032,3.68,Ist der dritte Teil auch so simswert wie die ersten zwei?,-0.5131708516014947,0.9090909090909091,230.86904907226562,0.6658032085232615,0.08471089601516724
/home/marlow/Documents/GCS_Speech_Thesis/data/test_set/gcs_45_noisy/common_voice_de_32142970_noise_17486-3-1-0_snr-5.wav,gcs_45_noisy,-5.0,0.0,8.748,"Ich bin schon auf die Wüsste, ich muss schon auf die Wüste nicht mehr über die Wüste,",-1.156277500215124,1.0,101.26642608642578,0.6491724597494097,0.3789560794830322
/home/marlow/Documents/GCS_Speech_Thesis/data/test_set/gcs_45_noisy/common_voice_de_24424256_noise_6902-2-0-9_snr10.wav,gcs_45_noisy,10.0,0.0,7.164,Diese kleinbräuerliche Landwirtschaft könnte ohne um zur Unterstützung nicht weiter existieren.,-0.4480919951484317,0.7272727272727273,996.4777221679688,0.5138446855076576,0.018528621643781662
/home/marlow/Documents/GCS_Speech_Thesis/data/test_set/gcs_45_noisy/common_voice_de_25995501_noise_39857-5-3-0_snr15.wav,gcs_45_noisy,15.0,0.416,1.12,Das ist doch ein Schlag.,-1.2090503454208374,1.0,49.54454040527344,0.9298868445171551,0.33714696764945984
/home/marlow/Documents/GCS_Speech_Thesis/data/test_set/gcs_45_noisy/common_voice_de_25995501_noise_39857-5-3-0_snr15.wav,gcs_45_noisy,15.0,1.376,1.824,Bis zum nächsten Mal.,-0.9055352658033371,1.0,7.656479358673096,0.9451015847069877,0.24968558549880981
/home/marlow/Documents/GCS_Speech_Thesis/data/test_set/gcs_45_noisy/common_voice_de_25995501_noise_39857-5-3-0_snr15.wav,gcs_45_noisy,15.0,1.888,2.368,Die Lata.,-1.4366249697549003,0.5,896.9774780273438,0.9570329467455546,0.18118783831596375
/home/marlow/Documents/GCS_Speech_Thesis/data/test_set/gcs_45_noisy/common_voice_de_25995501_noise_39857-5-3-0_snr15.wav,gcs_45_noisy,15.0,2.4,3.04,die Klasse bei den,-1.456287607550621,1.0,292.4642333984375,0.9562732309103013,0.293083131313324
/home/marlow/Documents/GCS_Speech_Thesis/data/test_set/gcs_45_noisy/common_voice_de_25995501_noise_39857-5-3-0_snr15.wav,gcs_45_noisy,15.0,3.072,3.328,Das ist doch schön.,-1.5377021878957748,1.0,16.86074447631836,0.9870827198028564,0.5043007731437683
/home/marlow/Documents/GCS_Speech_Thesis/data/test_set/gcs_45_noisy/common_voice_de_25995501_noise_39857-5-3-0_snr15.wav,gcs_45_noisy,15.0,3.36,3.776,Jörgert.,-1.3158051073551178,0.0,535.4585571289062,0.9883448756658114,0.3971599340438843
/home/marlow/Documents/GCS_Speech_Thesis/data/test_set/gcs_45_noisy/common_voice_de_32142970_noise_17486-3-1-0_snr5.wav,gcs_45_noisy,5.0,0.0,8.748,"Auf die Bust, die Schmacklose weise, wird die Patriarchal des Scheges entschacht aufs Konnion.",-0.9869063786097936,0.6428571428571429,1878.110595703125,0.6694304157323782,0.06407242268323898
/home/marlow/Documents/GCS_Speech_Thesis/data/test_set/gcs_45_noisy/common_voice_de_18696465_noise_17486-3-1-0_snr5.wav,gcs_45_noisy,5.0,0.0,4.152,und lachen die Hatscheide Rant-Sol-Apachat-Sieb-Fussen werden.,-1.3047514038701211,0.6666666666666666,1574.2857666015625,0.7380821275309875,0.15867705643177032
/home/marlow/Documents/GCS_Speech_Thesis/data/test_set/gcs_45_noisy/common_voice_de_18383909_noise_15544-5-0-3_snr-5.wav,gcs_45_noisy,-5.0,0.0,5.088,Bei der Montage vom Container auf dem Dach ist der Bitzschutz zu beraten.,-0.8154881546894709,0.6923076923076923,172.9276885986328,0.536478939566486,0.12611642479896545
/home/marlow/Documents/GCS_Speech_Thesis/data/test_set/gcs_45_noisy/common_voice_de_20288218_noise_7965-3-16-0_snr15.wav,gcs_45_noisy,15.0,0.96,3.008,die zwölf Apostelkirche ist.,-0.33512833288737703,0.75,651.7325439453125,0.872068274373305,0.048338644206523895
/home/marlow/Documents/GCS_Speech_Thesis/data/test_set/gcs_45_noisy/common_voice_de_20288218_noise_7965-3-16-0_snr15.wav,gcs_45_noisy,15.0,3.04,5.184,bis heute die höchste Kirche der Stadt.,-0.31558635405131746,0.7142857142857143,41.583621978759766,0.9849620674973103,0.07660242915153503
/home/marlow/Documents/GCS_Speech_Thesis/data/test_set/gcs_45_noisy/common_voice_de_18083943_noise_14772-7-0-0_snr5.wav,gcs_45_noisy,5.0,0.0,3.096,Das muss reiche.,-0.5167721435427666,1.0,3456.969482421875,0.3241121233080888,0.03782640025019646
/home/marlow/Documents/GCS_Speech_Thesis/data/test_set/gcs_45_noisy/common_voice_de_17510997_noise_7965-3-16-0_snr15.wav,gcs_45_noisy,15.0,0.448,3.072,Hat es letzte nach dem Markteburg geregnet?,-0.5147613922754923,0.8571428571428571,514.0424194335938,0.855085562408709,0.02367740124464035
/home/marlow/Documents/GCS_Speech_Thesis/data/test_set/gcs_45_noisy/common_voice_de_26226006_noise_7965-3-16-0_snr-5.wav,gcs_45_noisy,-5.0,0.0,3.996,"Ich wollte ihn doch nicht sein, aber ich bin super.",-1.4252380053202311,1.0,55.80744934082031,0.7752666549682617,0.24766886234283447
/home/marlow/Documents/GCS_Speech_Thesis/data/test_set/gcs_45_noisy/common_voice_de_20995915_noise_34871-3-9-0_snr-5.wav,gcs_45_noisy,-5.0,0.0,5.088,Oft werden die Überblick von 9.19.12 Uhr.,-1.452028937637806,0.7142857142857143,230.0531005859375,0.6014998624769022,0.17250360548496246
/home/marlow/Documents/GCS_Speech_Thesis/data/test_set/gcs_45_noisy/common_voice_de_38534807_noise_39857-5-3-0_snr0.wav,gcs_45_noisy,0.0,0.0,5.076,Dieser Schwein wird von den Schiliten als Heiligbetracht.,-0.7556779447354769,0.625,1645.727294921875,0.6786741543526076,0.07991213351488113
/home/marlow/Documents/GCS_Speech_Thesis/data/test_set/gcs_45_noisy/common_voice_de_36917754_noise_14772-7-0-0_snr0.wav,gcs_45_noisy,0.0,0.0,10.476,"In der Eidenziehe befinden sich die Kreuzklinie von der Heldgesmacht,",-1.252141754369478,0.7,685.0843505859375,0.5649732613738019,0.3413286805152893
/home/marlow/Documents/GCS_Speech_Thesis/data/test_set/gcs_45_noisy/common_voice_de_37315007_noise_39857-5-3-0_snr15.wav,gcs_45_noisy,15.0,0.0,6.12,Die Schule besitzt mit den Quasitidschafts eine eigene Auslärmgebülle zu bänden.,-0.48505478103955585,0.7272727272727273,1786.6806640625,0.8023721220621761,0.012366128154098988
/home/marlow/Documents/GCS_Speech_Thesis/data/test_set/gcs_45_noisy/common_voice_de_28893541_noise_14772-7-0-0_snr-5.wav,gcs_45_noisy,-5.0,0.0,3.528,"Ich habe es nicht mit gestern verhandelt, gerade auf.",-1.5029520146987017,1.0,227.67396545410156,0.46583211588933393,0.147125706076622
/home/marlow/Documents/GCS_Speech_Thesis/data/test_set/gcs_45_noisy/common_voice_de_18619274_noise_15544-5-0-3_snr5.wav,gcs_45_noisy,5.0,0.0,4.392,Wir sehen erst die Spitze des Eispraxen.,-0.733633279800415,0.8571428571428571,824.1787109375,0.6398945257364623,0.029610076919198036
/home/marlow/Documents/GCS_Speech_Thesis/data/test_set/gcs_45_noisy/common_voice_de_36468354_noise_17486-3-1-0_snr0.wav,gcs_45_noisy,0.0,0.0,8.388,"Bei der wissenschaftlichen Aufarbeitung, der Massenzehydomie,",-0.7980454212579972,0.6666666666666666,989.996337890625,0.7353214882137148,0.20053918659687042
/home/marlow/Documents/GCS_Speech_Thesis/data/test_set/gcs_45_noisy/common_voice_de_18952561_noise_15544-5-0-3_snr0.wav,gcs_45_noisy,0.0,0.0,3.288,"Das war ein, aber jetzt viel besser entscheidet.",-0.9364716836384365,1.0,426.39617919921875,0.5400021346297241,0.08899980783462524
/home/marlow/Documents/GCS_Speech_Thesis/data/test_set/gcs_45_noisy/common_voice_de_18474539_noise_14772-7-0-0_snr10.wav,gcs_45_noisy,10.0,0.0,3.744,jedenfalls verschlüsselt dieses System automatisch.,-0.38459724613598417,0.8,136.7237548828125,0.8506940888623015,0.0071716466918587685
/home/marlow/Documents/GCS_Speech_Thesis/data/test_set/gcs_45_noisy/common_voice_de_32140733_noise_14772-7-0-0_snr-5.wav,gcs_45_noisy,-5.0,0.0,6.732,"Ja, das sind das andere hier.",-2.2542317708333335,1.0,58.161041259765625,0.22855843967339906,0.4232248365879059
/home/marlow/Documents/GCS_Speech_Thesis/data/test_set/gcs_45_noisy/common_voice_de_18619274_noise_15544-5-0-3_snr10.wav,gcs_45_noisy,10.0,0.0,4.392,"Verwaken am Main, wir sehen erst die Spitze des Eisprax.",-0.6438319146633148,0.7,767.1289672851562,0.607255236584762,0.02612479217350483
/home/marlow/Documents/GCS_Speech_Thesis/data/test_set/gcs_45_noisy/common_voice_de_20036670_noise_34871-3-9-0_snr0.wav,gcs_45_noisy,0.0,0.0,7.272,"Der Besiegte der beiden Waschau im Band haben Gericht in Finnland, weh Neul, Jerven, ey, nach Kunden.",-0.8278863736561366,0.5882352941176471,1603.739013671875,0.8701803662176979,0.0019217012450098991
/home/marlow/Documents/GCS_Speech_Thesis/data/test_set/gcs_45_noisy/common_voice_de_21261915_noise_17486-3-1-0_snr10.wav,gcs_45_noisy,10.0,0.0,4.248,Es ist schon ein bisschen eines griehle Welt.,-0.536047093073527,0.75,720.5313720703125,0.545097251139105,0.0038916331250220537
/home/marlow/Documents/GCS_Speech_Thesis/data/test_set/gcs_45_noisy/common_voice_de_18096265_noise_34871-3-9-0_snr0.wav,gcs_45_noisy,0.0,0.0,6.84,Die Grafischer mit schon 100 Pol der Erde befinden sich nicht am gleichen Ort.,-0.7001630465189616,0.8571428571428571,1125.611328125,0.6528602093675775,0.021634085103869438
/home/marlow/Documents/GCS_Speech_Thesis/data/test_set/gcs_45_noisy/common_voice_de_24424256_noise_6902-2-0-9_snr5.wav,gcs_45_noisy,5.0,0.0,7.164,Diese kleinbräuerliche Landwirtschaft könnte ohne um zur Unterstützung nicht weiter existieren.,-0.479625179654076,0.7272727272727273,996.4777221679688,0.07145522771273656,0.023277899250388145
/home/marlow/Documents/GCS_Speech_Thesis/data/test_set/gcs_45_noisy/common_voice_de_23851939_noise_39857-5-3-0_snr15.wav,gcs_45_noisy,15.0,0.032,4.368,"Ach, diesem Grund ist es sinnvoll, von Funktionen der Winke zu sprechen.",-0.4846750958399339,0.8333333333333334,128.0557403564453,0.6627983287497259,0.028875477612018585
/home/marlow/Documents/GCS_Speech_Thesis/data/test_set/gcs_45_noisy/common_voice_de_18457737_noise_14772-7-0-0_snr5.wav,gcs_45_noisy,5.0,0.0,4.176,Hier gibt es einen Fachbezirp für diese Art von Sprachfilmer.,-0.6760104497273763,0.7,161.321044921875,0.6150847558600415,0.05524183437228203
/home/marlow/Documents/GCS_Speech_Thesis/data/test_set/gcs_45_noisy/common_voice_de_38534807_noise_39857-5-3-0_snr5.wav,gcs_45_noisy,5.0,0.0,5.076,Dieser Schwein wird von den Schiliten als heilig betrachtet.,-0.4803531587123871,0.7777777777777778,304.4714660644531,0.7109057276316408,0.02334226481616497
/home/marlow/Documents/GCS_Speech_Thesis/data/test_set/gcs_45_noisy/common_voice_de_25912678_noise_6902-2-0-9_snr15.wav,gcs_45_noisy,15.0,0.896,2.88,Zum Anwesen gehört ein Terraschen für mich.,-0.4738707145055135,0.7142857142857143,530.0941162109375,0.9117594116157101,0.013221691362559795
/home/marlow/Documents/GCS_Speech_Thesis/data/test_set/gcs_45_noisy/common_voice_de_25912678_noise_6902-2-0-9_snr15.wav,gcs_45_noisy,15.0,3.008,6.368,an ihr Leben der Garten der in seinem Design aus der Kolonialzeit ist.,-0.722467615490868,0.7692307692307693,212.7467803955078,0.9219544257436479,0.03930776193737984
/home/marlow/Documents/GCS_Speech_Thesis/data/test_set/gcs_45_noisy/common_voice_de_25912678_noise_6902-2-0-9_snr15.wav,gcs_45_noisy,15.0,6.4,6.912,Jetzt weiter.,-1.4806998769442241,1.0,146.5435791015625,0.666210032068193,0.46998345851898193
/home/marlow/Documents/GCS_Speech_Thesis/data/test_set/gcs_45_noisy/common_voice_de_23606125_noise_14772-7-0-0_snr5.wav,gcs_45_noisy,5.0,0.0,4.224,"Wir müssen sicherstellen, dass wir bei meiner Verantwortung kreativ sind.",-1.0731040553042763,0.9,50.35308837890625,0.37567552583464986,0.07922392338514328
/home/marlow/Documents/GCS_Speech_Thesis/data/test_set/gcs_45_noisy/common_voice_de_21349834_noise_6902-2-0-9_snr15.wav,gcs_45_noisy,15.0,0.512,6.976,Nach meiner Auffassung unterliegt jedem Redebeitrag ein grundlegendes Konzept.,-0.35999319092793897,0.6666666666666666,116.97413635253906,0.7486376484782817,0.0004309127980377525
/home/marlow/Documents/GCS_Speech_Thesis/data/test_set/gcs_45_noisy/common_voice_de_41195788_noise_39857-5-3-0_snr5.wav,gcs_45_noisy,5.0,0.0,3.6,Der Turn hat eine geschweifte Haute.,-0.6279346772602626,1.0,2932.01220703125,0.5960836773006806,0.2597414255142212
/home/marlow/Documents/GCS_Speech_Thesis/data/test_set/gcs_45_noisy/common_voice_de_18231553_noise_14772-7-0-0_snr0.wav,gcs_45_noisy,0.0,0.0,2.472,"Ja, ich komme mit.",-0.9438344107733833,1.0,9.007172584533691,0.39322533859656406,0.16198541224002838
/home/marlow/Documents/GCS_Speech_Thesis/data/test_set/gcs_45_noisy/common_voice_de_40161068_noise_22973-3-0-0_snr5.wav,gcs_45_noisy,5.0,0.0,5.148,Hier wird gewissermaßen auf Nils Reise mit den Vögeln angespielt.,-0.49140937874714535,0.9,349.7085266113281,0.6545277951500901,0.002670987043529749
/home/marlow/Documents/GCS_Speech_Thesis/data/test_set/gcs_45_noisy/common_voice_de_17335913_noise_14772-7-0-0_snr-5.wav,gcs_45_noisy,-5.0,0.0,4.416,"Ich glaube, das ist ein ganz leckeres Parlament, das ist ein leckeres Parlament, das ist ein leckeres Parlament, das ist ein leckeres",-1.023700601524777,0.8636363636363636,7.426959037780762,0.2456260589491306,0.577414870262146
/home/marlow/Documents/GCS_Speech_Thesis/data/test_set/gcs_45_noisy/common_voice_de_17510997_noise_7965-3-16-0_snr5.wav,gcs_45_noisy,5.0,0.0,3.504,Hat es letzte nach dem Markteburg geregnet?,-0.551298721631368,0.8571428571428571,514.0424194335938,0.533813480465059,0.09367017447948456
/home/marlow/Documents/GCS_Speech_Thesis/data/test_set/gcs_45_noisy/common_voice_de_22751424_noise_39857-5-3-0_snr10.wav,gcs_45_noisy,10.0,0.0,8.688,Haupt- und Pedalwerk folgen in der Diskussion der ersten Orgel von Johann Konrad Müller.,-0.3404403535219339,0.5,72.86247253417969,0.5928537289180039,0.12465500831604004
/home/marlow/Documents/GCS_Speech_Thesis/data/test_set/gcs_45_noisy/common_voice_de_37470495_noise_17486-3-1-0_snr-5.wav,gcs_45_noisy,-5.0,0.0,8.136,"Wolfgang, Mann, Ball.",-3.7914892355600993,0.0,430.0682373046875,0.7113536835775948,0.42243632674217224
/home/marlow/Documents/GCS_Speech_Thesis/data/test_set/gcs_45_noisy/common_voice_de_41544567_noise_39857-5-3-0_snr0.wav,gcs_45_noisy,0.0,0.0,7.632,"Die Anführung der Habei-Pot, erhet als in Zot-Pot-Tunie für Johns Hopkins, in der Stimme der Habei-Pot-Tunie.",-1.2038584339375398,0.5625,112.5682144165039,0.4847552224377045,0.46966007351875305
/home/marlow/Documents/GCS_Speech_Thesis/data/test_set/gcs_45_noisy/common_voice_de_18070491_noise_15544-5-0-3_snr15.wav,gcs_45_noisy,15.0,0.032,2.208,alle im Nah,-0.8762632807095846,1.0,771.0114135742188,0.37377106035059754,0.0929528996348381
/home/marlow/Documents/GCS_Speech_Thesis/data/test_set/gcs_45_noisy/common_voice_de_18644827_noise_22973-3-0-0_snr5.wav,gcs_45_noisy,5.0,0.0,5.784,Ruhe macht seine ersten Versuchung mit der Blockkote und alle anderen halten sie störend hier.,-0.7226327864023355,0.8666666666666667,861.9840698242188,0.605484938103312,0.029857859015464783
/home/marlow/Documents/GCS_Speech_Thesis/data/test_set/gcs_45_noisy/common_voice_de_20308848_noise_34871-3-9-0_snr15.wav,gcs_45_noisy,15.0,0.896,4.672,Ähnlich sieht es auch bei anderen Genehmigungen nach.,-0.3758213482797146,0.875,63.534236907958984,0.9149818081029896,0.0006768266321159899
/home/marlow/Documents/GCS_Speech_Thesis/data/test_set/gcs_45_noisy/common_voice_de_20308848_noise_34871-3-9-0_snr15.wav,gcs_45_noisy,15.0,4.704,6.288,...arty gay.,-1.2716093361377716,0.0,1397.7799072265625,0.5557087387843057,0.15277236700057983
/home/marlow/Documents/GCS_Speech_Thesis/data/test_set/gcs_45_noisy/common_voice_de_20036670_noise_34871-3-9-0_snr15.wav,gcs_45_noisy,15.0,0.0,7.136,"Er besigte dabei ein Waschau im Bantangewicht in Finnen,",-0.7754511949492664,0.5555555555555556,1472.5919189453125,0.8376780404279117,0.0005355173489078879
/home/marlow/Documents/GCS_Speech_Thesis/data/test_set/gcs_45_noisy/common_voice_de_25995501_noise_39857-5-3-0_snr0.wav,gcs_45_noisy,0.0,0.0,4.896,"Das ist doch ein bisschen, ich weiß nicht, dass wir das Abonnentium geben können.",-1.288209697474604,0.9285714285714286,92.98026275634766,0.4455530483479569,0.20183329284191132
/home/marlow/Documents/GCS_Speech_Thesis/data/test_set/gcs_45_noisy/common_voice_de_18270452_noise_14772-7-0-0_snr15.wav,gcs_45_noisy,15.0,0.032,3.432,Er kennt die andere Seite.,-0.5769243240356445,0.8,43.487098693847656,0.3175929547038645,0.01937377266585827
/home/marlow/Documents/GCS_Speech_Thesis/data/test_set/gcs_45_noisy/common_voice_de_20935597_noise_15544-5-0-3_snr-5.wav,gcs_45_noisy,-5.0,0.0,3.648,Dieser Mame ist gut auf jeden Fall.,-1.1278300285339355,0.7142857142857143,113.44920349121094,0.45536504075311024,0.06694452464580536
/home/marlow/Documents/GCS_Speech_Thesis/data/test_set/gcs_45_noisy/common_voice_de_18383909_noise_15544-5-0-3_snr5.wav,gcs_45_noisy,5.0,0.0,5.088,Bei der Montage von Antennen auf dem Dach ist der Blitzschutz zu beachten.,-0.23917693085968494,0.6923076923076923,18.584333419799805,0.7032104381365605,0.014600478112697601
/home/marlow/Documents/GCS_Speech_Thesis/data/test_set/gcs_45_noisy/common_voice_de_20842030_noise_7965-3-16-0_snr5.wav,gcs_45_noisy,5.0,0.0,4.464,Er starrt zwei Jahre später in Moskau.,-0.5378558238347372,0.7142857142857143,123.75910186767578,0.567372635823475,0.06787184625864029
/home/marlow/Documents/GCS_Speech_Thesis/data/test_set/gcs_45_noisy/common_voice_de_25554330_noise_17486-3-1-0_snr5.wav,gcs_45_noisy,5.0,0.0,5.436,"Da diese Portion die äußerste Grenze erreicht hat, bleibt nicht viel Sinn.",-0.6217895719138059,0.8333333333333334,83.59318542480469,0.5364496451477702,0.0803317129611969
/home/marlow/Documents/GCS_Speech_Thesis/data/test_set/gcs_45_noisy/common_voice_de_23965117_noise_7965-3-16-0_snr-5.wav,gcs_45_noisy,-5.0,0.0,4.128,Und jetzt ist die Zeit für die Region.,-1.4013220965862274,0.875,35.98712921142578,0.6717235590872723,0.17706413567066193
/home/marlow/Documents/GCS_Speech_Thesis/data/test_set/gcs_45_noisy/common_voice_de_23349794_noise_22973-3-0-0_snr-5.wav,gcs_45_noisy,-5.0,0.0,2.976,Klasse mit zu essen.,-1.2055852678087022,1.0,214.5908966064453,0.38071038295897924,0.2739979028701782
/home/marlow/Documents/GCS_Speech_Thesis/data/test_set/gcs_45_noisy/common_voice_de_19692738_noise_14772-7-0-0_snr5.wav,gcs_45_noisy,5.0,0.0,6.24,Für verschiedenen Unternehmung ist er als Motorradung beratertätig.,-0.7655169850304013,0.625,1969.66162109375,0.3979694345189879,0.12304169684648514
/home/marlow/Documents/GCS_Speech_Thesis/data/test_set/gcs_45_noisy/common_voice_de_18566642_noise_6902-2-0-9_snr5.wav,gcs_45_noisy,5.0,0.0,2.592,Hier ist nichts für den Silent Hill.,-1.086703430522572,0.7142857142857143,69.75798034667969,0.5507741090008,0.07653778046369553
/home/marlow/Documents/GCS_Speech_Thesis/data/test_set/gcs_45_noisy/common_voice_de_18952561_noise_15544-5-0-3_snr-5.wav,gcs_45_noisy,-5.0,0.0,3.288,"Nein, aber jedenfalls.",-1.1664705276489258,1.0,82.96833038330078,0.4437639179946945,0.14507709443569183
/home/marlow/Documents/GCS_Speech_Thesis/data/test_set/gcs_45_noisy/common_voice_de_18873897_noise_22973-3-0-0_snr15.wav,gcs_45_noisy,15.0,0.512,2.848,Jena Rogane zu den Bereits ausgeführt.,-1.19019513130188,0.6666666666666666,13871.16015625,0.5787115359506634,0.17281965911388397
/home/marlow/Documents/GCS_Speech_Thesis/data/test_set/gcs_45_noisy/common_voice_de_32140733_noise_14772-7-0-0_snr0.wav,gcs_45_noisy,0.0,0.0,6.732,"Und hier wird der Semester hier hier,",-1.274574879677065,0.8571428571428571,887.1867065429688,0.5174114156373163,0.26839178800582886
/home/marlow/Documents/GCS_Speech_Thesis/data/test_set/gcs_45_noisy/common_voice_de_40232357_noise_34871-3-9-0_snr0.wav,gcs_45_noisy,0.0,0.0,6.588,"Andererseits waren diese Behörden für Passare bezahlt, da sie besonders belastend waren.",-0.4068738269805908,0.8333333333333334,262.5314025878906,0.7738819409803785,0.004560156259685755
/home/marlow/Documents/GCS_Speech_Thesis/data/test_set/gcs_45_noisy/common_voice_de_21078860_noise_39857-5-3-0_snr0.wav,gcs_45_noisy,0.0,0.0,4.776,"Ja, ich würde den mit dem Beißen reichen.",-1.5159261971712112,1.0,69.0284652709961,0.5300266010748843,0.19639307260513306
/home/marlow/Documents/GCS_Speech_Thesis/data/test_set/gcs_45_noisy/common_voice_de_25554330_noise_17486-3-1-0_snr0.wav,gcs_45_noisy,0.0,0.0,5.436,"Da diese Portion die äußerst die Pänse erreicht hat, bleibt nicht nicht so.",-0.8300059930137966,0.8461538461538461,697.162841796875,0.49218879470889293,0.15674132108688354
/home/marlow/Documents/GCS_Speech_Thesis/data/test_set/gcs_45_noisy/common_voice_de_17335913_noise_14772-7-0-0_snr15.wav,gcs_45_noisy,15.0,0.032,4.384,"Übungen zu allen U- und S-Bahn-Linien, so geht es zum Regionalen und Kernverkehr.",-0.5862706130550753,0.7692307692307693,59.39802169799805,0.8110439371975029,0.0557941235601902
/home/marlow/Documents/GCS_Speech_Thesis/data/test_set/gcs_45_noisy/common_voice_de_21078860_noise_39857-5-3-0_snr5.wav,gcs_45_noisy,5.0,0.0,4.776,Er prägt den Begriff der weißen Eikei.,-0.7797475702622357,0.8571428571428571,386.5423889160156,0.5730526180293721,0.03849275782704353
/home/marlow/Documents/GCS_Speech_Thesis/data/test_set/gcs_45_noisy/common_voice_de_17518836_noise_14772-7-0-0_snr-5.wav,gcs_45_noisy,-5.0,0.0,5.616,Die Zulage von den Flusschen und den Flusschen von den Flusschen.,-1.5704108217488164,0.6363636363636364,46.4124870300293,0.14508095614225816,0.5573691725730896
/home/marlow/Documents/GCS_Speech_Thesis/data/test_set/gcs_45_noisy/common_voice_de_17860897_noise_14772-7-0-0_snr10.wav,gcs_45_noisy,10.0,0.0,4.992,wegen einer herren Losendarmtasche brach Panik aus und der Bahnhof blieb evakuiert.,-0.5610990722974142,0.6666666666666666,544.15283203125,0.7024517692881114,0.02219459041953087
/home/marlow/Documents/GCS_Speech_Thesis/data/test_set/gcs_45_noisy/common_voice_de_36468354_noise_17486-3-1-0_snr10.wav,gcs_45_noisy,10.0,0.224,7.488,Bei der wissenschaftlichen Aufarbeitung der massendliche Logie stoßen klassische,-0.44683657959103584,0.6666666666666666,4768.31591796875,0.8250319132599816,0.01852969266474247
/home/marlow/Documents/GCS_Speech_Thesis/data/test_set/gcs_45_noisy/common_voice_de_17329192_noise_22973-3-0-0_snr10.wav,gcs_45_noisy,10.0,0.0,4.576,als Zwischenstopp auf der Rute einfiegen.,-0.5283764563500881,0.5,187.23876953125,0.4931398382547607,0.028139760717749596
/home/marlow/Documents/GCS_Speech_Thesis/data/test_set/gcs_45_noisy/common_voice_de_18877643_noise_39857-5-3-0_snr5.wav,gcs_45_noisy,5.0,0.0,6.456,Bei der kleinsten Stimmigkeit wird Alarm ausgehöst.,-0.45093222225413604,0.5714285714285714,1736.1378173828125,0.37952626227724795,0.05210629478096962
/home/marlow/Documents/GCS_Speech_Thesis/data/test_set/gcs_45_noisy/common_voice_de_23606125_noise_14772-7-0-0_snr15.wav,gcs_45_noisy,15.0,0.032,4.224,"Sie müssen sicherstellen, dass jeder seine Verantwortung recht gilt.",-0.6701993755996227,0.8888888888888888,106.4522476196289,0.5884079702322863,0.17798256874084473
/home/marlow/Documents/GCS_Speech_Thesis/data/test_set/gcs_45_noisy/common_voice_de_17886559_noise_17486-3-1-0_snr0.wav,gcs_45_noisy,0.0,0.0,2.664,"Du hattest die Fasche, du hattest die Fasche.",-1.2507436389014834,0.75,37.19925308227539,0.5930866387539676,0.27857717871665955
/home/marlow/Documents/GCS_Speech_Thesis/data/test_set/gcs_45_noisy/common_voice_de_26226006_noise_7965-3-16-0_snr15.wav,gcs_45_noisy,15.0,0.736,3.456,World in Dawkins heirateten später in den Jahr.,-0.599638557434082,0.625,820.013671875,0.9266212672077339,0.12328480184078217
/home/marlow/Documents/GCS_Speech_Thesis/data/test_set/gcs_45_noisy/common_voice_de_17665537_noise_14772-7-0-0_snr0.wav,gcs_45_noisy,0.0,0.0,4.056,"Ist der Teil auch zu sich, werdet die erste träumen?",-1.0987502827363855,1.0,986.168701171875,0.5913549196525059,0.08995875716209412
/home/marlow/Documents/GCS_Speech_Thesis/data/test_set/gcs_45_noisy/common_voice_de_18070491_noise_15544-5-0-3_snr-5.wav,gcs_45_noisy,-5.0,0.0,2.208,"Nein, nein!",-1.1813338484082903,1.0,5.504767894744873,0.2849482055483521,0.11848799139261246
/home/marlow/Documents/GCS_Speech_Thesis/data/test_set/gcs_45_noisy/common_voice_de_24224338_noise_34871-3-9-0_snr-5.wav,gcs_45_noisy,-5.0,0.0,4.86,"Sie geben an, die sich ja die Lautspezifperz hoch vorgegebenen Ziele reich holen.",-0.6236521128950447,0.9230769230769231,3369.94287109375,0.7533305478864349,0.0759027749300003
/home/marlow/Documents/GCS_Speech_Thesis/data/test_set/gcs_45_noisy/common_voice_de_28713125_noise_39857-5-3-0_snr5.wav,gcs_45_noisy,5.0,0.0,8.568,"Die breiten, gewingenden Früchte haben eine Rehren und eine Durchmesser von einem Zähnchen nicht.",-0.7399580171031337,0.6428571428571429,304.3270568847656,0.7178885006474387,0.0579739511013031
/home/marlow/Documents/GCS_Speech_Thesis/data/test_set/gcs_45_noisy/common_voice_de_18543618_noise_6902-2-0-9_snr5.wav,gcs_45_noisy,5.0,0.0,4.632,Das Knistern wird bei Schallblatt einfach dazu.,-0.6802382692694664,0.8571428571428571,1902.52490234375,0.586241586977648,0.0046135783195495605
/home/marlow/Documents/GCS_Speech_Thesis/data/test_set/gcs_45_noisy/common_voice_de_17335913_noise_14772-7-0-0_snr0.wav,gcs_45_noisy,0.0,0.0,4.416,Ich bin eintrittlich in etwa die Mähnchen und die Mähnchen und die Mähnchen und die Mähnchen und die Mähnchen.,-0.9720192885980373,0.6842105263157895,19.411489486694336,0.556185058148517,0.4842827320098877
/home/marlow/Documents/GCS_Speech_Thesis/data/test_set/gcs_45_noisy/common_voice_de_29109756_noise_34871-3-9-0_snr15.wav,gcs_45_noisy,15.0,0.896,4.256,Danach wurde der Richtigkeit auch dieser Mitteilung abgestritten.,-0.39578343778848646,0.75,572.7369995117188,0.6490633278815603,0.00944559182971716
/home/marlow/Documents/GCS_Speech_Thesis/data/test_set/gcs_45_noisy/common_voice_de_21261915_noise_17486-3-1-0_snr15.wav,gcs_45_noisy,15.0,0.544,3.584,Es ist schon ein bisschen eines griehle Welt.,-0.5036968310674032,0.75,720.5313720703125,0.756260896608307,0.0026247312780469656
/home/marlow/Documents/GCS_Speech_Thesis/data/test_set/gcs_45_noisy/common_voice_de_18228124_noise_14772-7-0-0_snr10.wav,gcs_45_noisy,10.0,0.0,1.216,Auf und leh.,-1.0467223674058914,0.6666666666666666,830.82861328125,0.4886348133441061,0.09663636237382889
/home/marlow/Documents/GCS_Speech_Thesis/data/test_set/gcs_45_noisy/common_voice_de_18228124_noise_14772-7-0-0_snr10.wav,gcs_45_noisy,10.0,1.248,3.072,geht der Plan auch,-0.6057732275554112,1.0,223.06997680664062,0.45927050121520696,0.031581487506628036
/home/marlow/Documents/GCS_Speech_Thesis/data/test_set/gcs_45_noisy/common_voice_de_18234182_noise_17486-3-1-0_snr10.wav,gcs_45_noisy,10.0,0.0,2.064,Der geht aufs Haus.,-0.7538685268825955,0.75,41.141746520996094,0.4591792296611507,0.07648888975381851
/home/marlow/Documents/GCS_Speech_Thesis/data/test_set/gcs_45_noisy/common_voice_de_20288218_noise_7965-3-16-0_snr5.wav,gcs_45_noisy,5.0,0.0,5.808,Die zwölf Apostelkirche ist bis heute die größte Kirche der Stadt.,-0.41786807775497437,0.7272727272727273,25.770505905151367,0.7436074998669817,0.05061373487114906
/home/marlow/Documents/GCS_Speech_Thesis/data/test_set/gcs_45_noisy/common_voice_de_20238179_noise_7965-3-16-0_snr5.wav,gcs_45_noisy,5.0,0.0,10.512,Es gab auch erstmals Unterstützung für einfaches Workflow Management.,-0.4028856195509434,0.6666666666666666,190.97735595703125,0.4532325874393642,0.059787098318338394
/home/marlow/Documents/GCS_Speech_Thesis/data/test_set/gcs_45_noisy/common_voice_de_22171318_noise_14772-7-0-0_snr-5.wav,gcs_45_noisy,-5.0,0.0,7.512,Ich mussirlisch.,-2.4132635427075764,0.5,4306.458984375,0.044458722202119695,0.535205066204071
/home/marlow/Documents/GCS_Speech_Thesis/data/test_set/gcs_45_noisy/common_voice_de_32150152_noise_22973-3-0-0_snr5.wav,gcs_45_noisy,5.0,0.0,6.876,"Das Erkennen der tieferen Geheimnisse der Blätter, sein nur eine der vielen Freude.",-0.4732220791853391,0.8461538461538461,252.87796020507812,0.6101686321466744,0.014595954678952694
/home/marlow/Documents/GCS_Speech_Thesis/data/test_set/gcs_45_noisy/common_voice_de_25640194_noise_17486-3-1-0_snr10.wav,gcs_45_noisy,10.0,0.0,3.616,Es werden keine Früchte gebildet.,-0.42172534649188703,0.8,108.06182098388672,0.6414434254268365,0.04749589040875435
/home/marlow/Documents/GCS_Speech_Thesis/data/test_set/gcs_45_noisy/common_voice_de_23362970_noise_34871-3-9-0_snr15.wav,gcs_45_noisy,15.0,0.032,5.728,Sie kann mit entsprechender Nutzlast auch zur elektronischen Kampfführung genutzt werden.,-0.23091518941024938,0.8181818181818182,58.85383605957031,0.7709922475084742,0.0014911533799022436
/home/marlow/Documents/GCS_Speech_Thesis/data/test_set/gcs_45_noisy/common_voice_de_37315007_noise_39857-5-3-0_snr5.wav,gcs_45_noisy,5.0,0.0,6.12,die Schule in sich mit dem Kaisertitschatz einer eigenen Auslehrerangebülle zu werden.,-1.0127929661955153,0.8333333333333334,2444.0087890625,0.7970694858716646,0.15105710923671722
/home/marlow/Documents/GCS_Speech_Thesis/data/test_set/gcs_45_noisy/common_voice_de_36468354_noise_17486-3-1-0_snr5.wav,gcs_45_noisy,5.0,0.0,8.388,Bei der wissenschaftlichen Aufarbeitung der Massenpsychologie,-0.5378075987100601,0.6666666666666666,136.21365356445312,0.639756536155334,0.06667102873325348
/home/marlow/Documents/GCS_Speech_Thesis/data/test_set/gcs_45_noisy/common_voice_de_18672345_noise_14772-7-0-0_snr15.wav,gcs_45_noisy,15.0,0.768,3.296,Wie war es für Teenis in den 60ern?,-0.456782409123012,0.75,81.71018981933594,0.7859908745595943,0.0034240304958075285
/home/marlow/Documents/GCS_Speech_Thesis/data/test_set/gcs_45_noisy/common_voice_de_31015741_noise_22973-3-0-0_snr5.wav,gcs_45_noisy,5.0,0.0,8.1,Die Christusgie ist am Backstumbau und spiel der Neuburgik mit kratizistischen Armen.,-0.900935460781229,0.6666666666666666,3990.773681640625,0.55587096118442,0.047671228647232056
/home/marlow/Documents/GCS_Speech_Thesis/data/test_set/gcs_45_noisy/common_voice_de_27656900_noise_22973-3-0-0_snr10.wav,gcs_45_noisy,10.0,0.0,5.796,"Ich betone hier doch, dass es sich hierbei lediglich infragen, hallo zu.",-0.6823862393697103,0.9166666666666666,142.97398376464844,0.6444534980184451,0.029696132987737656
/home/marlow/Documents/GCS_Speech_Thesis/data/test_set/gcs_45_noisy/common_voice_de_18793383_noise_34871-3-9-0_snr15.wav,gcs_45_noisy,15.0,0.48,2.816,Manchmal tätig gerne noch etwas korrigieren.,-0.4891344351427896,1.0,4203.63232421875,0.8839708928191039,0.0016614801716059446
/home/marlow/Documents/GCS_Speech_Thesis/data/test_set/gcs_45_noisy/common_voice_de_18234182_noise_17486-3-1-0_snr-5.wav,gcs_45_noisy,-5.0,0.0,2.064,"Töke, das ist los.",-1.2869084965098987,0.75,117.91552734375,0.612161578467259,0.2904719412326813
/home/marlow/Documents/GCS_Speech_Thesis/data/test_set/gcs_45_noisy/common_voice_de_17886559_noise_17486-3-1-0_snr5.wav,gcs_45_noisy,5.0,0.0,2.664,"Guten Tag, du faszinier bitte!",-0.9253375713641827,0.6,380.1029357910156,0.6904743457700879,0.16237671673297882
/home/marlow/Documents/GCS_Speech_Thesis/data/test_set/gcs_45_noisy/common_voice_de_35566244_noise_6902-2-0-9_snr10.wav,gcs_45_noisy,10.0,0.0,6.408,"Die Wirtschaft zwar wohl schon gingen, dass Niedersächsische Kultusministerin über.",-0.6699493217468262,0.8,1117.0567626953125,0.6912832520195556,0.01582491211593151
/home/marlow/Documents/GCS_Speech_Thesis/data/test_set/gcs_45_noisy/common_voice_de_26035885_noise_15544-5-0-3_snr-5.wav,gcs_45_noisy,-5.0,0.0,5.076,"Er war der Freundet geküpplich und er war als Hobbyvorker, wenn er was geküppelt war.",-1.109918749332428,0.7333333333333333,434.2464294433594,0.6666855731431348,0.1784709244966507
/home/marlow/Documents/GCS_Speech_Thesis/data/test_set/gcs_45_noisy/common_voice_de_19789961_noise_34871-3-9-0_snr0.wav,gcs_45_noisy,0.0,0.0,4.92,Im Norden befindet sich der trockenen Übungsplatz BITCH.,-0.6117732184273856,0.625,329.16693115234375,0.38709403323564284,0.02550383470952511
/home/marlow/Documents/GCS_Speech_Thesis/data/test_set/gcs_45_noisy/common_voice_de_32142970_noise_17486-3-1-0_snr0.wav,gcs_45_noisy,0.0,0.0,8.748,"Auf die Wusste, die Schmacklose weise,",-0.9298422932624817,0.8333333333333334,748.1202392578125,0.6589197841894399,0.09274929761886597
/home/marlow/Documents/GCS_Speech_Thesis/data/test_set/gcs_45_noisy/common_voice_de_21979118_noise_17486-3-1-0_snr15.wav,gcs_45_noisy,15.0,0.544,3.328,Dieser Bereich untermauert diesen Ansatz.,-0.6303187333620511,0.6,82.55939483642578,0.9221482838279215,0.010176572948694229
/home/marlow/Documents/GCS_Speech_Thesis/data/test_set/gcs_45_noisy/common_voice_de_18889883_noise_14772-7-0-0_snr5.wav,gcs_45_noisy,5.0,0.0,3.624,Ich würde mal extra nie zufrieden lassen.,-1.4416223672720103,1.0,1360.682373046875,0.5016000368703859,0.24037137627601624
/home/marlow/Documents/GCS_Speech_Thesis/data/test_set/gcs_45_noisy/common_voice_de_17510997_noise_7965-3-16-0_snr0.wav,gcs_45_noisy,0.0,0.0,3.504,Hat das letzte nach dem Markt der Burg geregnet?,-0.6932566324869792,0.7777777777777778,271.72088623046875,0.5195117710895747,0.12675222754478455
/home/marlow/Documents/GCS_Speech_Thesis/data/test_set/gcs_45_noisy/common_voice_de_21261915_noise_17486-3-1-0_snr5.wav,gcs_45_noisy,5.0,0.0,4.248,Es ist schon ein bisschen eines der Reale Welt.,-0.739445665052959,0.8888888888888888,140.20867919921875,0.5768994862017663,0.011967122554779053
/home/marlow/Documents/GCS_Speech_Thesis/data/test_set/gcs_45_noisy/common_voice_de_18231553_noise_14772-7-0-0_snr5.wav,gcs_45_noisy,5.0,0.0,2.464,"Ja, komm ich da.",-0.7880302005343967,1.0,143.1658172607422,0.3906289868770385,0.1489289104938507
/home/marlow/Documents/GCS_Speech_Thesis/data/test_set/gcs_45_noisy/common_voice_de_24424256_noise_6902-2-0-9_snr15.wav,gcs_45_noisy,15.0,0.544,6.432,Diese klangbräuerliche Landwirtschaft könnte ohne unsere Unterstützung nicht weiter existieren.,-0.4073092199507214,0.7,203.54661560058594,0.614505789067696,0.02464986778795719
/home/marlow/Documents/GCS_Speech_Thesis/data/test_set/gcs_45_noisy/common_voice_de_20935597_noise_15544-5-0-3_snr15.wav,gcs_45_noisy,15.0,0.0,3.648,Dieser Name ist jedoch ungültig.,-0.5702567448218664,0.8,55.35770797729492,0.642290397768783,0.001933310180902481
/home/marlow/Documents/GCS_Speech_Thesis/data/test_set/gcs_45_noisy/common_voice_de_18270452_noise_14772-7-0-0_snr0.wav,gcs_45_noisy,0.0,0.0,3.432,Er kennt die andere Seite.,-0.5306864844428169,0.8,43.487098693847656,0.33185060433957175,0.046599455177783966
/home/marlow/Documents/GCS_Speech_Thesis/data/test_set/gcs_45_noisy/common_voice_de_19692738_noise_14772-7-0-0_snr-5.wav,gcs_45_noisy,-5.0,0.0,6.288,Was ist denn das?,-1.6335239112377167,1.0,5.127538204193115,0.29993851536407423,0.46208107471466064
/home/marlow/Documents/GCS_Speech_Thesis/data/test_set/gcs_45_noisy/common_voice_de_18793383_noise_34871-3-9-0_snr-5.wav,gcs_45_noisy,-5.0,0.0,3.552,"Manchmal trägt er dich gerne, weil er was geholen dir hat.",-1.0074775159358977,0.9090909090909091,342.8690185546875,0.4392341476076425,0.039903245866298676
/home/marlow/Documents/GCS_Speech_Thesis/data/test_set/gcs_45_noisy/common_voice_de_18083943_noise_14772-7-0-0_snr15.wav,gcs_45_noisy,15.0,0.832,2.176,Das muss reichen.,-0.5228185728192329,1.0,36.268341064453125,0.6828388813495015,0.05158085376024246
/home/marlow/Documents/GCS_Speech_Thesis/data/test_set/gcs_45_noisy/common_voice_de_37470495_noise_17486-3-1-0_snr10.wav,gcs_45_noisy,10.0,0.0,8.136,Er ist vergleichbar mit dem deutschen Handelsgesetzten und dem französischen Kurt Müh-Komerbs.,-0.5050359018917742,0.8333333333333334,562.8641357421875,0.7593757819849998,0.12021317332983017
/home/marlow/Documents/GCS_Speech_Thesis/data/test_set/gcs_45_noisy/common_voice_de_23362970_noise_34871-3-9-0_snr5.wav,gcs_45_noisy,5.0,0.0,5.832,Sie kann mit entsprechender Nutzlast auch zur elektronischen Kampfführung genutzt werden.,-0.23360637947916985,0.8181818181818182,58.85383605957031,0.7471360998755242,0.006941245403140783
/home/marlow/Documents/GCS_Speech_Thesis/data/test_set/gcs_45_noisy/common_voice_de_17722131_noise_14772-7-0-0_snr5.wav,gcs_45_noisy,5.0,0.0,2.808,Aber man ist schon ein bisschen fühlend.,-1.209048711336576,1.0,79.22285461425781,0.09017741106270644,0.37475284934043884
/home/marlow/Documents/GCS_Speech_Thesis/data/test_set/gcs_45_noisy/common_voice_de_18203073_noise_39857-5-3-0_snr15.wav,gcs_45_noisy,15.0,0.0,3.744,Der Zigarettenautomat will ein Perso sehen.,-0.4662114103635152,0.6666666666666666,657.35302734375,0.6117722685916477,0.012037305161356926
/home/marlow/Documents/GCS_Speech_Thesis/data/test_set/gcs_45_noisy/common_voice_de_20995915_noise_34871-3-9-0_snr5.wav,gcs_45_noisy,5.0,0.0,5.088,Auf der gegen überlingenden Motivität liegt Walhuki.,-0.9270082361557904,0.5714285714285714,12908.9521484375,0.6163698537622977,0.008613063022494316
/home/marlow/Documents/GCS_Speech_Thesis/data/test_set/gcs_45_noisy/common_voice_de_18205673_noise_14772-7-0-0_snr10.wav,gcs_45_noisy,10.0,0.0,4.992,"Unbeseitigte Fettsäuren sind gesünder, werden aber schneller anzig.",-0.5487206528584162,0.625,189.49900817871094,0.7033848411447252,0.039306823164224625
/home/marlow/Documents/GCS_Speech_Thesis/data/test_set/gcs_45_noisy/common_voice_de_22751424_noise_39857-5-3-0_snr15.wav,gcs_45_noisy,15.0,0.928,2.24,und Pedalwerk.,-0.7570409625768661,0.5,1414.236328125,0.6247869288175624,0.18946771323680878
/home/marlow/Documents/GCS_Speech_Thesis/data/test_set/gcs_45_noisy/common_voice_de_22751424_noise_39857-5-3-0_snr15.wav,gcs_45_noisy,15.0,2.336,3.104,folgen in der Tiefe.,-0.9486415386199951,1.0,44.51414108276367,0.9658340811729431,0.1915246695280075
/home/marlow/Documents/GCS_Speech_Thesis/data/test_set/gcs_45_noisy/common_voice_de_22751424_noise_39857-5-3-0_snr15.wav,gcs_45_noisy,15.0,3.136,4.864,Position der ersten Orgel.,-0.3953673839569092,0.5,279.01873779296875,0.9474709199534522,0.07939048856496811
/home/marlow/Documents/GCS_Speech_Thesis/data/test_set/gcs_45_noisy/common_voice_de_22751424_noise_39857-5-3-0_snr15.wav,gcs_45_noisy,15.0,4.992,6.304,"von Johan, Conrad.",-0.7480032920837403,0.3333333333333333,2526.41748046875,0.9036885936085771,0.5882347822189331
/home/marlow/Documents/GCS_Speech_Thesis/data/test_set/gcs_45_noisy/common_voice_de_22751424_noise_39857-5-3-0_snr15.wav,gcs_45_noisy,15.0,6.368,6.848,Nöller.,-1.1348113673073905,0.0,406.5128479003906,0.9174134095509847,0.48700854182243347
/home/marlow/Documents/GCS_Speech_Thesis/data/test_set/gcs_45_noisy/common_voice_de_20263747_noise_22973-3-0-0_snr5.wav,gcs_45_noisy,5.0,0.0,6.024,Entstanden ist sie im innen der langen röhen Vorschenden basalt.,-0.48917216062545776,0.7,1858.240234375,0.7147641514233011,0.03135042265057564
/home/marlow/Documents/GCS_Speech_Thesis/data/test_set/gcs_45_noisy/common_voice_de_19550651_noise_15544-5-0-3_snr0.wav,gcs_45_noisy,0.0,0.0,3.288,Sein Hat ist verheiratet und hat zwei Tienen.,-0.7406188216474321,0.875,494.77117919921875,0.613308257237981,0.05535339191555977
/home/marlow/Documents/GCS_Speech_Thesis/data/test_set/gcs_45_noisy/common_voice_de_26581282_noise_6902-2-0-9_snr-5.wav,gcs_45_noisy,-5.0,0.0,5.58,"Das ist nicht selbst, es ist voll, die interessiert und weiß keiner,",-1.1174695524904463,1.0,186.1489715576172,0.01965443104638585,0.062397051602602005
/home/marlow/Documents/GCS_Speech_Thesis/data/test_set/gcs_45_noisy/common_voice_de_20995915_noise_34871-3-9-0_snr0.wav,gcs_45_noisy,0.0,0.0,5.088,auf der gegenüberliegenden neue Seite liegt Walguck.,-0.9773607552051544,0.7142857142857143,1422.865966796875,0.6166803220934205,0.071642205119133
/home/marlow/Documents/GCS_Speech_Thesis/data/test_set/gcs_45_noisy/common_voice_de_18674886_noise_6902-2-0-9_snr15.wav,gcs_45_noisy,15.0,0.448,3.36,Meditär des Klima ist das Gegenteil davon.,-0.548422560095787,0.5714285714285714,297.5562744140625,0.7108599740543639,0.003276549279689789
/home/marlow/Documents/GCS_Speech_Thesis/data/test_set/gcs_45_noisy/common_voice_de_20842030_noise_7965-3-16-0_snr0.wav,gcs_45_noisy,0.0,0.0,4.464,Er starrt zwei Jahre später in Moskau.,-0.5655914942423502,0.7142857142857143,123.75910186767578,0.6063650940445119,0.0821458175778389
/home/marlow/Documents/GCS_Speech_Thesis/data/test_set/gcs_45_noisy/common_voice_de_18205673_noise_14772-7-0-0_snr5.wav,gcs_45_noisy,5.0,0.0,5.056,"und wir sehr tippt, dass euch diese gesünder werden, aber schneller anziehen.",-0.9464206643726515,1.0,299.7392272949219,0.6945395945963528,0.08342685550451279
/home/marlow/Documents/GCS_Speech_Thesis/data/test_set/gcs_45_noisy/common_voice_de_17631761_noise_7965-3-16-0_snr5.wav,gcs_45_noisy,5.0,0.0,2.976,Puh!,-0.804742556065321,0.0,54.495513916015625,0.008217101299074998,0.310476154088974
/home/marlow/Documents/GCS_Speech_Thesis/data/test_set/gcs_45_noisy/common_voice_de_18660823_noise_34871-3-9-0_snr0.wav,gcs_45_noisy,0.0,0.0,3.888,"Mir ist das erzartige Päckselmaß, das wir hatten hier.",-1.309933223507621,0.7777777777777778,387.4776306152344,0.3734032711104564,0.13621465861797333
/home/marlow/Documents/GCS_Speech_Thesis/data/test_set/gcs_45_noisy/common_voice_de_18070491_noise_15544-5-0-3_snr5.wav,gcs_45_noisy,5.0,0.0,2.208,alle inna,-1.0641390085220337,0.5,2693.11474609375,0.3722194866918405,0.06521652638912201
/home/marlow/Documents/GCS_Speech_Thesis/data/test_set/gcs_45_noisy/common_voice_de_20842030_noise_7965-3-16-0_snr10.wav,gcs_45_noisy,10.0,0.0,4.464,Er starrt zwei Jahre später in Moskau.,-0.5532486438751221,0.7142857142857143,123.75910186767578,0.5165502960091544,0.08237586915493011
/home/marlow/Documents/GCS_Speech_Thesis/data/test_set/gcs_45_noisy/common_voice_de_25912678_noise_6902-2-0-9_snr0.wav,gcs_45_noisy,0.0,0.0,7.632,"Zum Anlesen gehört ein Terrasseförmig an,",-1.040583354670827,0.6666666666666666,10851.513671875,0.6700651806996236,0.06878740340471268
/home/marlow/Documents/GCS_Speech_Thesis/data/test_set/gcs_45_noisy/common_voice_de_32818705_noise_34871-3-9-0_snr0.wav,gcs_45_noisy,0.0,0.0,8.388,Die Konzentration des intrinsischen Faktors im Magensaft ist mitunter bis auf Nürn reduziert.,-0.3907324741284052,0.6153846153846154,158.5426788330078,0.6977452296177599,0.027693158015608788
/home/marlow/Documents/GCS_Speech_Thesis/data/test_set/gcs_45_noisy/common_voice_de_22171318_noise_14772-7-0-0_snr10.wav,gcs_45_noisy,10.0,0.0,7.512,"Ich hoffe, dass Parlament für diesen Proteste Extremalisierung auf weiterhin unterschiedlich ist.",-0.6838303520565941,0.75,2614.439208984375,0.7320008828248977,0.016922147944569588
/home/marlow/Documents/GCS_Speech_Thesis/data/test_set/gcs_45_noisy/common_voice_de_18877643_noise_39857-5-3-0_snr10.wav,gcs_45_noisy,10.0,0.0,6.456,Bei der kleinsten Stimmigkeit wird Alarm ausgemöst.,-0.4531871010275448,0.5714285714285714,1620.6221923828125,0.23322140855789078,0.009985276497900486
/home/marlow/Documents/GCS_Speech_Thesis/data/test_set/gcs_45_noisy/common_voice_de_19810260_noise_15544-5-0-3_snr5.wav,gcs_45_noisy,5.0,0.0,6.528,Auf nach seinem Weggang von Henderson blieb Marschel als Grammar und Bandleder aktiv.,-0.4464389419555664,0.6153846153846154,1203.88818359375,0.6419187957105938,0.01093059591948986
/home/marlow/Documents/GCS_Speech_Thesis/data/test_set/gcs_45_noisy/common_voice_de_18674886_noise_6902-2-0-9_snr5.wav,gcs_45_noisy,5.0,0.0,3.648,"Meditare, das Geräre, ist das Gehen-Teig der Fall.",-1.1969521587545222,0.5,410.0564880371094,0.6167851619824783,0.13849793374538422
/home/marlow/Documents/GCS_Speech_Thesis/data/test_set/gcs_45_noisy/common_voice_de_20203539_noise_15544-5-0-3_snr0.wav,gcs_45_noisy,0.0,0.0,8.736,"Sie kann wie die Kitzelkeitschule nur als Teil der Türof, ob nur die Nüro bechattet werden.",-1.0182478496006557,0.75,1225.3770751953125,0.6911150903693458,0.12523284554481506
/home/marlow/Documents/GCS_Speech_Thesis/data/test_set/gcs_45_noisy/common_voice_de_29109756_noise_34871-3-9-0_snr10.wav,gcs_45_noisy,10.0,0.0,5.004,Danach wurde der Richtigkeit auch dieser Mitteilung abgestritten.,-0.45602320581674577,0.75,572.7369995117188,0.18412062923877906,0.020893288776278496
/home/marlow/Documents/GCS_Speech_Thesis/data/test_set/gcs_45_noisy/common_voice_de_36468354_noise_17486-3-1-0_snr-5.wav,gcs_45_noisy,-5.0,0.0,8.388,"Bei der Wissenschaftler sind wir auf arbeitern, wir machen es auch über die Besuchensfaschen,",-1.10709670262459,0.7857142857142857,378.11749267578125,0.4226178809143461,0.322742760181427
/home/marlow/Documents/GCS_Speech_Thesis/data/test_set/gcs_45_noisy/common_voice_de_20238179_noise_7965-3-16-0_snr0.wav,gcs_45_noisy,0.0,0.0,10.512,Es gab auch erstmals Unterstützung für einfaches Workflow Management.,-0.4418429732322693,0.6666666666666666,190.97735595703125,0.4623738409906037,0.1217409297823906
/home/marlow/Documents/GCS_Speech_Thesis/data/test_set/gcs_45_noisy/common_voice_de_32142970_noise_17486-3-1-0_snr10.wav,gcs_45_noisy,10.0,0.0,7.488,Auf bewusst geschmacklose Weise wird die patriarchalische Gesellschaft aufs Korn genommen.,-0.5256650136864703,0.8181818181818182,53.24245834350586,0.638791264105515,0.09516346454620361
/home/marlow/Documents/GCS_Speech_Thesis/data/test_set/gcs_45_noisy/common_voice_de_26035885_noise_15544-5-0-3_snr0.wav,gcs_45_noisy,0.0,0.0,5.076,"Er war der vorletzte professioneller Eishoffekorra, der ohne Maske spielte.",-0.8616196421476511,0.8,273.02655029296875,0.6672459533342904,0.19361959397792816
/home/marlow/Documents/GCS_Speech_Thesis/data/test_set/gcs_45_noisy/common_voice_de_18383909_noise_15544-5-0-3_snr15.wav,gcs_45_noisy,15.0,0.0,5.088,Bei der Montage von Antennen auf dem Dach ist der Blitzschutz zu beachten.,-0.2070625244329373,0.6923076923076923,18.584333419799805,0.7100645893903257,0.020749622955918312
/home/marlow/Documents/GCS_Speech_Thesis/data/test_set/gcs_45_noisy/common_voice_de_18457737_noise_14772-7-0-0_snr15.wav,gcs_45_noisy,15.0,0.032,3.712,gibt es einen Fachbetritt für diese Art von Sprachfehler.,-0.447840647564994,0.6666666666666666,206.36561584472656,0.7392883060176088,0.024266231805086136
/home/marlow/Documents/GCS_Speech_Thesis/data/test_set/gcs_45_noisy/common_voice_de_18793383_noise_34871-3-9-0_snr0.wav,gcs_45_noisy,0.0,0.0,3.552,Manchmal tätig gerne noch etwas grünen Bier.,-0.6815770705540974,0.8571428571428571,9287.97265625,0.5740886474159852,0.03155664727091789
/home/marlow/Documents/GCS_Speech_Thesis/data/test_set/gcs_45_noisy/common_voice_de_20935597_noise_15544-5-0-3_snr5.wav,gcs_45_noisy,5.0,0.0,3.648,Dieser Name ist jedoch ungeldig.,-0.6253003532236273,0.6,212.52716064453125,0.5740360663213212,0.019686229526996613
/home/marlow/Documents/GCS_Speech_Thesis/data/test_set/gcs_45_noisy/common_voice_de_28893541_noise_14772-7-0-0_snr0.wav,gcs_45_noisy,0.0,0.0,3.528,vergesst mit der erste für halbe Zeit aus.,-1.0750563144683838,1.0,1000.927978515625,0.5534600963530777,0.11082793027162552
/home/marlow/Documents/GCS_Speech_Thesis/data/test_set/gcs_45_noisy/common_voice_de_37315007_noise_39857-5-3-0_snr-5.wav,gcs_45_noisy,-5.0,0.0,6.12,Wir sind in der Nähe.,-0.8868949221713203,1.0,11.89992618560791,0.29195647143933456,0.6018107533454895
/home/marlow/Documents/GCS_Speech_Thesis/data/test_set/gcs_45_noisy/common_voice_de_36704392_noise_22973-3-0-0_snr10.wav,gcs_45_noisy,10.0,0.0,5.076,Zahnarische Enten nutzen den Seals Lebensraum.,-0.7787488214671612,0.3333333333333333,4984.7578125,0.30319355910408907,0.03196991607546806
/home/marlow/Documents/GCS_Speech_Thesis/data/test_set/gcs_45_noisy/common_voice_de_36917754_noise_14772-7-0-0_snr-5.wav,gcs_45_noisy,-5.0,0.0,10.476,"Ich werde es auf den anderen halten Borden ab하신,",-4.8453274080830235,0.7777777777777778,239.2441864013672,0.04374402292377476,0.5147331953048706
/home/marlow/Documents/GCS_Speech_Thesis/data/test_set/gcs_45_noisy/common_voice_de_24370874_noise_7965-3-16-0_snr-5.wav,gcs_45_noisy,-5.0,0.0,6.66,"Bitte schätten dir eine Technik,",-1.2467921863902698,0.6,1536.2366943359375,0.02792652351372323,0.24253423511981964
/home/marlow/Documents/GCS_Speech_Thesis/data/test_set/gcs_45_noisy/common_voice_de_18096265_noise_34871-3-9-0_snr5.wav,gcs_45_noisy,5.0,0.0,6.84,Geografischer und auf jeden Fall schon dort holte Erde befinden sich nicht am gleichen Ort.,-0.8071405317472375,0.8666666666666667,377.36907958984375,0.5225707925105397,0.014994235709309578
/home/marlow/Documents/GCS_Speech_Thesis/data/test_set/gcs_45_noisy/common_voice_de_28713125_noise_39857-5-3-0_snr0.wav,gcs_45_noisy,0.0,0.0,8.568,"Die Projekte sind in Berlin für Stuttgart,",-1.6418996698716108,0.5714285714285714,215.89869689941406,0.2745900547167516,0.5622361898422241
/home/marlow/Documents/GCS_Speech_Thesis/data/test_set/gcs_45_noisy/common_voice_de_29109756_noise_34871-3-9-0_snr0.wav,gcs_45_noisy,0.0,0.0,5.004,Danach wurden die Richtigkeit auch dieser Mitteilung abgestritten.,-0.5489452540874481,0.75,269.6904296875,0.19224311750083548,0.06719911843538284
/home/marlow/Documents/GCS_Speech_Thesis/data/test_set/gcs_45_noisy/common_voice_de_20203539_noise_15544-5-0-3_snr-5.wav,gcs_45_noisy,-5.0,0.0,8.736,"Sie haben die Pflicht, die sich bei sich erinnern, als Taillog zu erinnern,",-1.537129704545184,0.8461538461538461,203.10906982421875,0.0704780912287738,0.16306357085704803
/home/marlow/Documents/GCS_Speech_Thesis/data/test_set/gcs_45_noisy/common_voice_de_18672345_noise_14772-7-0-0_snr10.wav,gcs_45_noisy,10.0,0.0,3.712,Die war es für Teenis in den 60ern.,-0.5400414892605373,0.75,123.73933410644531,0.3275804217077605,0.08785200864076614
/home/marlow/Documents/GCS_Speech_Thesis/data/test_set/gcs_45_noisy/common_voice_de_20238179_noise_7965-3-16-0_snr15.wav,gcs_45_noisy,15.0,4.48,5.536,und es gab auch,-1.055347272327968,1.0,60.33573532104492,0.6911750440909104,0.0714474469423294
/home/marlow/Documents/GCS_Speech_Thesis/data/test_set/gcs_45_noisy/common_voice_de_20238179_noise_7965-3-16-0_snr15.wav,gcs_45_noisy,15.0,5.568,10.4,Erstmals Unterstützung für einfaches Workflowmanagement.,-0.5700099893978664,0.6,841.5851440429688,0.8348859485041424,0.005693522747606039
/home/marlow/Documents/GCS_Speech_Thesis/data/test_set/gcs_45_noisy/common_voice_de_18231553_noise_14772-7-0-0_snr-5.wav,gcs_45_noisy,-5.0,0.0,2.472,"Ja, das ist alles.",-1.13847107357449,1.0,6.08842134475708,0.21963731595912042,0.4428786039352417
/home/marlow/Documents/GCS_Speech_Thesis/data/test_set/gcs_45_noisy/common_voice_de_32818705_noise_34871-3-9-0_snr5.wav,gcs_45_noisy,5.0,0.0,8.388,Die Konzentration des intrinsischen Faktors im Magensaft ist mitunter bis auf Null reduziert.,-0.3347957997486509,0.6923076923076923,39.996826171875,0.6890896828593943,0.022070273756980896
/home/marlow/Documents/GCS_Speech_Thesis/data/test_set/gcs_45_noisy/common_voice_de_17665334_noise_34871-3-9-0_snr10.wav,gcs_45_noisy,10.0,0.0,4.896,"Dem Schokenstaat ist es offenbar gelungen, Waffenfähigspeltonium anzureichern.",-0.4246322903139838,0.75,1132.5279541015625,0.7886006456924495,0.007616461254656315
/home/marlow/Documents/GCS_Speech_Thesis/data/test_set/gcs_45_noisy/common_voice_de_18538701_noise_6902-2-0-9_snr10.wav,gcs_45_noisy,10.0,0.0,5.496,Der Hafen von Rotterdam ist in Europa der bedeutsamste Umschlagplatz Wilkontehner.,-0.3295023463390492,0.5454545454545454,337.40155029296875,0.7293549265677304,0.09920965880155563
/home/marlow/Documents/GCS_Speech_Thesis/data/test_set/gcs_45_noisy/common_voice_de_27286846_noise_7965-3-16-0_snr10.wav,gcs_45_noisy,10.0,0.0,4.428,Danach war er Kim Lazialeera im Rennen.,-0.6509880304336548,0.7142857142857143,1224.0841064453125,0.5719020162775954,0.13172020018100739
/home/marlow/Documents/GCS_Speech_Thesis/data/test_set/gcs_45_noisy/common_voice_de_24224338_noise_34871-3-9-0_snr15.wav,gcs_45_noisy,15.0,0.032,4.608,"Sie geben an, wie sicher die Lautspezifikation vorgegebenen Ziele erreicht werden.",-0.2664778692026933,0.9090909090909091,187.4608612060547,0.7759279229728866,0.002719106851145625
/home/marlow/Documents/GCS_Speech_Thesis/data/test_set/gcs_45_noisy/common_voice_de_18205673_noise_14772-7-0-0_snr15.wav,gcs_45_noisy,15.0,0.0,4.928,"Unbesättigte Fettsäuren sind gesünder, werden aber schneller anzeigen.",-0.555555651585261,0.75,143.50613403320312,0.7120234532717936,0.008153176866471767
/home/marlow/Documents/GCS_Speech_Thesis/data/test_set/gcs_45_noisy/common_voice_de_19789961_noise_34871-3-9-0_snr15.wav,gcs_45_noisy,15.0,0.032,3.776,Im Norden befindet sich der Truppenübungsplatz Bitch.,-0.3205258051554362,0.5714285714285714,64.91740417480469,0.6470448388432005,0.014863824471831322
/home/marlow/Documents/GCS_Speech_Thesis/data/test_set/gcs_45_noisy/common_voice_de_28893541_noise_14772-7-0-0_snr5.wav,gcs_45_noisy,5.0,0.0,3.528,Stattdessen lächne die Gäste zur Haltzeit aus,-0.6189502226678949,0.5714285714285714,1604.690673828125,0.626463150882439,0.055582474917173386
/home/marlow/Documents/GCS_Speech_Thesis/data/test_set/gcs_45_noisy/common_voice_de_17508203_noise_39857-5-3-0_snr5.wav,gcs_45_noisy,5.0,0.0,3.864,Ich musste lange in Leipzig warten.,-0.5960579266150793,0.8333333333333334,155.01803588867188,0.6372684425186589,0.06817818433046341
/home/marlow/Documents/GCS_Speech_Thesis/data/test_set/gcs_45_noisy/common_voice_de_17860897_noise_14772-7-0-0_snr15.wav,gcs_45_noisy,15.0,0.032,4.96,wegen einer herrenlosen Darmtasche brach Panik aus und der Bahnhof blieh evakuiert.,-0.4766550819079081,0.6666666666666666,223.3966522216797,0.7632816594346146,0.036856453865766525
/home/marlow/Documents/GCS_Speech_Thesis/data/test_set/gcs_45_noisy/common_voice_de_18270452_noise_14772-7-0-0_snr-5.wav,gcs_45_noisy,-5.0,0.0,3.432,Er kennt die andere Seite.,-0.8470613161722819,0.8,43.487098693847656,0.37561187862108153,0.18946890532970428
/home/marlow/Documents/GCS_Speech_Thesis/data/test_set/gcs_45_noisy/common_voice_de_18457737_noise_14772-7-0-0_snr-5.wav,gcs_45_noisy,-5.0,0.0,4.176,"Das ist ein Topf, das ist ein Topf, das ist ein Topf.",-0.9984595435006278,0.75,7.367743015289307,0.32452295059409303,0.42935651540756226
/home/marlow/Documents/GCS_Speech_Thesis/data/test_set/gcs_45_noisy/common_voice_de_17860897_noise_14772-7-0-0_snr0.wav,gcs_45_noisy,0.0,0.0,5.424,"gegen eine herrenloben Darmtasche brachte ich auf, die der Basis zu überkriegert.",-1.0284136136372883,0.6666666666666666,901.90283203125,0.5525553139864796,0.13372443616390228
/home/marlow/Documents/GCS_Speech_Thesis/data/test_set/gcs_45_noisy/common_voice_de_18083943_noise_14772-7-0-0_snr0.wav,gcs_45_noisy,0.0,0.0,3.096,Das muss reiche.,-0.6835850924253464,1.0,3456.969482421875,0.31066877173125435,0.24084842205047607
/home/marlow/Documents/GCS_Speech_Thesis/data/test_set/gcs_45_noisy/common_voice_de_17665334_noise_34871-3-9-0_snr5.wav,gcs_45_noisy,5.0,0.0,4.896,"Dem Schokenstaat ist es offenbar gelungen, Waffenfähigspeltonium anzureichern.",-0.4348545156676194,0.75,1132.5279541015625,0.7604188595640724,0.025901008397340775
/home/marlow/Documents/GCS_Speech_Thesis/data/test_set/gcs_45_noisy/common_voice_de_20430017_noise_6902-2-0-9_snr10.wav,gcs_45_noisy,10.0,0.0,5.832,Er solte auf die Gebünsteramte Temperatur angestellt werden.,-0.6309401780366898,0.625,1285.0643310546875,0.7647302944996888,0.05190619081258774
/home/marlow/Documents/GCS_Speech_Thesis/data/test_set/gcs_45_noisy/common_voice_de_26581282_noise_6902-2-0-9_snr10.wav,gcs_45_noisy,10.0,0.0,5.58,Das System selbst ist voll digitalisiert und weiß keine wesentlichen analogen Komponenten herauf.,-0.3270052242279053,0.8461538461538461,268.7178039550781,0.8462858058879751,0.005901881959289312
/home/marlow/Documents/GCS_Speech_Thesis/data/test_set/gcs_45_noisy/common_voice_de_21078860_noise_39857-5-3-0_snr10.wav,gcs_45_noisy,10.0,0.0,4.776,Er prägt den Begriff der weißen Alkailab.,-0.6273675594064925,0.8571428571428571,2023.069091796875,0.636582679405498,0.02824942022562027
/home/marlow/Documents/GCS_Speech_Thesis/data/test_set/gcs_45_noisy/common_voice_de_20403220_noise_34871-3-9-0_snr0.wav,gcs_45_noisy,0.0,0.0,7.344,Die Verwendung der Begriffe spielt Stein und Spielfigur ist nicht eindeutig.,-0.32639412333567935,0.7272727272727273,428.521484375,0.7354369941653441,0.0637231320142746
/home/marlow/Documents/GCS_Speech_Thesis/data/test_set/gcs_45_noisy/common_voice_de_18566642_noise_6902-2-0-9_snr-5.wav,gcs_45_noisy,-5.0,0.0,2.592,Wir sind auf der anderen Seite.,-1.1543580651283265,0.8333333333333334,10.647003173828125,0.6662026907972716,0.31822171807289124
/home/marlow/Documents/GCS_Speech_Thesis/data/test_set/gcs_45_noisy/common_voice_de_26226006_noise_7965-3-16-0_snr0.wav,gcs_45_noisy,0.0,0.0,3.996,"Bord und Dorkens, Heirade und Spietan, India.",-1.2600112974643707,0.2857142857142857,4003.41796875,0.750207312643528,0.11897613108158112
/home/marlow/Documents/GCS_Speech_Thesis/data/test_set/gcs_45_noisy/common_voice_de_37211024_noise_22973-3-0-0_snr0.wav,gcs_45_noisy,0.0,0.0,4.608,Die Ziele bietet sich in zwei Stadtgezelse und einen Kaisen.,-1.0315379392017017,0.8,706.3828125,0.5962881333414569,0.058284226804971695
/home/marlow/Documents/GCS_Speech_Thesis/data/test_set/gcs_45_noisy/common_voice_de_26916127_noise_6902-2-0-9_snr0.wav,gcs_45_noisy,0.0,0.0,3.816,und auch für sich die Stadtheimen Pax gespielt hat.,-1.1189140993006088,0.7777777777777778,419.74267578125,0.6939614859409631,0.060812026262283325
/home/marlow/Documents/GCS_Speech_Thesis/data/test_set/gcs_45_noisy/common_voice_de_36169391_noise_7965-3-16-0_snr10.wav,gcs_45_noisy,10.0,0.0,4.464,Die Abgrenzung in dieser beiden Vorgensweisen fließend.,-0.44513828886879814,0.7142857142857143,2249.26220703125,0.7195464362240662,0.008613822050392628
/home/marlow/Documents/GCS_Speech_Thesis/data/test_set/gcs_45_noisy/common_voice_de_37211024_noise_22973-3-0-0_snr-5.wav,gcs_45_noisy,-5.0,0.0,4.608,"252 Stadtkurzelsen in 1,000.",-1.2608778794606528,0.75,5926.6865234375,0.38108576151797835,0.08422821760177612
/home/marlow/Documents/GCS_Speech_Thesis/data/test_set/gcs_45_noisy/common_voice_de_24370874_noise_7965-3-16-0_snr10.wav,gcs_45_noisy,10.0,0.032,6.624,"Bitte schicken Sie einen Techniker. Diese Abstimmungsmaschine ist kaputt, völlig demoliert.",-0.323463134765625,0.8181818181818182,151.38978576660156,0.6575914137121923,0.05527691915631294
/home/marlow/Documents/GCS_Speech_Thesis/data/test_set/gcs_45_noisy/common_voice_de_25554330_noise_17486-3-1-0_snr-5.wav,gcs_45_noisy,-5.0,0.0,5.436,"Da diese Pots um die Räusserstehpänze erweitert bleibt, ne, ne, ne, ne, ne",-1.0831497199833393,0.46153846153846156,271.9275207519531,0.6332702860290952,0.217351496219635
/home/marlow/Documents/GCS_Speech_Thesis/data/test_set/gcs_45_noisy/common_voice_de_23965117_noise_7965-3-16-0_snr0.wav,gcs_45_noisy,0.0,0.0,4.128,In der Fischungsteigung ist die Fähnchen.,-1.0855176448822021,0.6666666666666666,362.246337890625,0.7231068319475004,0.15159641206264496
/home/marlow/Documents/GCS_Speech_Thesis/data/test_set/gcs_45_noisy/common_voice_de_18873897_noise_22973-3-0-0_snr0.wav,gcs_45_noisy,0.0,0.0,3.48,Die Kinder und die Kinder sind in der Kuala.,-1.6785353024800618,0.6666666666666666,235.6224365234375,0.3414056357319377,0.2779766023159027
/home/marlow/Documents/GCS_Speech_Thesis/data/test_set/gcs_45_noisy/common_voice_de_35566244_noise_6902-2-0-9_snr0.wav,gcs_45_noisy,0.0,0.0,6.408,Die Regenschaft zwar war schon ein kleines Niedersächsische Kohl des Niestes.,-1.1642889404296874,0.7272727272727273,2542.685791015625,0.5601910894187294,0.11934637278318405
/home/marlow/Documents/GCS_Speech_Thesis/data/test_set/gcs_45_noisy/common_voice_de_25554330_noise_17486-3-1-0_snr10.wav,gcs_45_noisy,10.0,0.0,5.436,"Da die Situation die äußerste Grenze erreicht hat, bleibt mit mir viel zu sein.",-0.49496075899704645,0.9285714285714286,68.81147003173828,0.6779129383893793,0.05217085778713226
/home/marlow/Documents/GCS_Speech_Thesis/data/test_set/gcs_45_noisy/common_voice_de_31829558_noise_34871-3-9-0_snr-5.wav,gcs_45_noisy,-5.0,0.0,5.436,"Wir haben uns die Klamischen gekleppt, die wir in Großbritannien holen.",-1.0534098515143762,0.7272727272727273,899.0706176757812,0.7430264736799633,0.2523570656776428
/home/marlow/Documents/GCS_Speech_Thesis/data/test_set/gcs_45_noisy/common_voice_de_20308848_noise_34871-3-9-0_snr-5.wav,gcs_45_noisy,-5.0,0.0,6.288,Da ist dieses Arsch bei 100.000 E-Media-Gewer-RTG.,-1.4964193725585937,0.7142857142857143,518.5045776367188,0.3723242492344098,0.24904030561447144
/home/marlow/Documents/GCS_Speech_Thesis/data/test_set/gcs_45_noisy/common_voice_de_18096265_noise_34871-3-9-0_snr-5.wav,gcs_45_noisy,-5.0,0.0,6.84,"Die Kranische, die die Schannung ruhiger werden, befinden sich nicht im gleichen Onn.",-0.9545186964365152,0.7692307692307693,470.2406005859375,0.2958888463963206,0.03699687123298645
/home/marlow/Documents/GCS_Speech_Thesis/data/test_set/gcs_45_noisy/common_voice_de_18203073_noise_39857-5-3-0_snr0.wav,gcs_45_noisy,0.0,0.0,3.744,"Jetzt wieder rippen auf dem Markt, weil kein Pferd zu sehen.",-1.3719541370868682,0.7272727272727273,131.983642578125,0.43499215910386324,0.20826147496700287
/home/marlow/Documents/GCS_Speech_Thesis/data/test_set/gcs_45_noisy/common_voice_de_23851939_noise_39857-5-3-0_snr5.wav,gcs_45_noisy,5.0,0.0,4.368,"aus diesem Grund, das ist sinnvoll von Funktionen der Winke zu sprechen.",-0.4990985847654797,0.8333333333333334,217.45156860351562,0.7135258967423961,0.06838540732860565
/home/marlow/Documents/GCS_Speech_Thesis/data/test_set/gcs_45_noisy/common_voice_de_22330315_noise_34871-3-9-0_snr10.wav,gcs_45_noisy,10.0,0.0,6.096,Zudem vernichtet er ein Brand einige von Comtors entwirven.,-0.5623273015022278,0.6666666666666666,3841.588134765625,0.5279520638485157,0.02724621258676052
/home/marlow/Documents/GCS_Speech_Thesis/data/test_set/gcs_45_noisy/common_voice_de_27265447_noise_15544-5-0-3_snr0.wav,gcs_45_noisy,0.0,0.0,6.804,Dies war ein kurzer Aufschwung zur sozialistischen Seite innerhalb der republikanischen Bewegung.,-0.250206973690253,0.75,217.07550048828125,0.7801971831118487,0.03029146045446396
/home/marlow/Documents/GCS_Speech_Thesis/data/test_set/gcs_45_noisy/common_voice_de_20288218_noise_7965-3-16-0_snr10.wav,gcs_45_noisy,10.0,0.032,5.808,Die zwölf Apostelkirche ist bis heute die höchste Kirche der Stadt.,-0.3402303146819274,0.7272727272727273,34.708675384521484,0.6968798057765646,0.06009158119559288
/home/marlow/Documents/GCS_Speech_Thesis/data/test_set/gcs_45_noisy/common_voice_de_27654422_noise_15544-5-0-3_snr10.wav,gcs_45_noisy,10.0,0.0,6.516,"All die dexte Koktionen wurden in Fernsehen übertragen, die meisten daheim vollstrengt.",-0.5181060412834431,0.75,701.8482055664062,0.7901689952608043,0.04329298436641693
/home/marlow/Documents/GCS_Speech_Thesis/data/test_set/gcs_45_noisy/common_voice_de_18457737_noise_14772-7-0-0_snr0.wav,gcs_45_noisy,0.0,0.0,4.176,Hier gibt es einen trockenen Zitzen der Artenstrasse.,-1.3052238523960114,0.75,459.8427734375,0.5974264850925285,0.14627522230148315
/home/marlow/Documents/GCS_Speech_Thesis/data/test_set/gcs_45_noisy/common_voice_de_26581282_noise_6902-2-0-9_snr5.wav,gcs_45_noisy,5.0,0.0,5.58,"Das System selbst ist voll, die mich organisiert und weiß keine wesentlichen analogen Komponenten darauf.",-0.5950070222218832,0.8666666666666667,1131.053466796875,0.7085158408931498,0.01605125516653061
/home/marlow/Documents/GCS_Speech_Thesis/data/test_set/gcs_45_noisy/common_voice_de_18228124_noise_14772-7-0-0_snr15.wav,gcs_45_noisy,15.0,0.032,1.216,Ich hoffe und leh.,-0.9188789791531033,0.75,374.0917053222656,0.5864316028719013,0.13416242599487305
/home/marlow/Documents/GCS_Speech_Thesis/data/test_set/gcs_45_noisy/common_voice_de_18228124_noise_14772-7-0-0_snr15.wav,gcs_45_noisy,15.0,1.248,3.072,geht der Plan auch,-0.5196617501122611,1.0,223.06997680664062,0.516319379308506,0.00942471157759428
/home/marlow/Documents/GCS_Speech_Thesis/data/test_set/gcs_45_noisy/common_voice_de_35566244_noise_6902-2-0-9_snr-5.wav,gcs_45_noisy,-5.0,0.0,6.408,Wir sind hier in der Stadt.,-0.9257406464644841,0.8333333333333334,11.656886100769043,0.6942978562666705,0.3871419131755829
/home/marlow/Documents/GCS_Speech_Thesis/data/test_set/gcs_45_noisy/common_voice_de_27654422_noise_15544-5-0-3_snr15.wav,gcs_45_noisy,15.0,0.544,6.304,"Eine der Exekktionen wurden in Fernsehen übertragen, die meisten Geheimvoll strengt.",-0.4697508823413115,0.8181818181818182,1250.04248046875,0.8906922704126272,0.006086467765271664
/home/marlow/Documents/GCS_Speech_Thesis/data/test_set/gcs_45_noisy/common_voice_de_36169391_noise_7965-3-16-0_snr15.wav,gcs_45_noisy,15.0,0.032,4.464,Die Abgrenzungen dieser beiden Vorgehensweisen sind fließend.,-0.33273056894540787,0.7142857142857143,32.96843719482422,0.7240802726269492,0.003059308510273695
/home/marlow/Documents/GCS_Speech_Thesis/data/test_set/gcs_45_noisy/common_voice_de_18672345_noise_14772-7-0-0_snr-5.wav,gcs_45_noisy,-5.0,0.0,4.368,"Ich weiß, wie die Nutzenträchtigung ist.",-1.3848799537209904,0.8333333333333334,148.2630615234375,0.21830521372187692,0.1888667643070221
/home/marlow/Documents/GCS_Speech_Thesis/data/test_set/gcs_45_noisy/common_voice_de_35328344_noise_7965-3-16-0_snr10.wav,gcs_45_noisy,10.0,0.0,4.248,Darin liegt die Lösung und nicht anderswo.,-0.4562656787725595,0.8571428571428571,91.72159576416016,0.5669992248192027,0.034566786140203476
/home/marlow/Documents/GCS_Speech_Thesis/data/test_set/gcs_45_noisy/common_voice_de_19810260_noise_15544-5-0-3_snr10.wav,gcs_45_noisy,10.0,0.0,6.528,Auch nach seinem Weggang von Henderson blieb Marshall als drummer und bandlieder aktiv.,-0.42308674075386743,0.6153846153846154,220.22557067871094,0.6903887558043661,0.007076050620526075
/home/marlow/Documents/GCS_Speech_Thesis/data/test_set/gcs_45_noisy/common_voice_de_18674886_noise_6902-2-0-9_snr-5.wav,gcs_45_noisy,-5.0,0.0,3.648,Die digitale Skühle ist es für die digitale Skühle.,-1.1571068889216374,0.7777777777777778,2106.342041015625,0.3010640566302627,0.04173390567302704
/home/marlow/Documents/GCS_Speech_Thesis/data/test_set/gcs_45_noisy/common_voice_de_27656900_noise_22973-3-0-0_snr-5.wav,gcs_45_noisy,-5.0,0.0,5.796,"Es ist eine Tournerlieder, das heißt, es ist viel hererlich, dass es in Spargeln fliegt.",-1.1500150710344315,0.8,226.24412536621094,0.22029264744132587,0.035402122884988785
/home/marlow/Documents/GCS_Speech_Thesis/data/test_set/gcs_45_noisy/common_voice_de_31829558_noise_34871-3-9-0_snr15.wav,gcs_45_noisy,15.0,0.64,2.464,wegen eines mechanischen Defekt.,-0.47654839754104616,1.0,752.6619873046875,0.9234999131836128,0.06884586066007614
/home/marlow/Documents/GCS_Speech_Thesis/data/test_set/gcs_45_noisy/common_voice_de_31829558_noise_34871-3-9-0_snr15.wav,gcs_45_noisy,15.0,2.88,5.408,viel eher in Großbritannien aus.,-0.5144999027252197,0.8,185.2035675048828,0.8279402956743783,0.02501598931849003
/home/marlow/Documents/GCS_Speech_Thesis/data/test_set/gcs_45_noisy/common_voice_de_20842030_noise_7965-3-16-0_snr-5.wav,gcs_45_noisy,-5.0,0.0,4.464,Erstaat für zwei Jahre später in Moskau.,-1.0402767022450765,0.5714285714285714,608.0437622070312,0.6209897248407028,0.15286026895046234
/home/marlow/Documents/GCS_Speech_Thesis/data/test_set/gcs_45_noisy/common_voice_de_18660823_noise_34871-3-9-0_snr5.wav,gcs_45_noisy,5.0,0.0,3.888,"Mir ist das der, dass ich die Wechselkoste machen will.",-1.1264628485629433,0.9,130.0133514404297,0.4868731635983377,0.09774988144636154
/home/marlow/Documents/GCS_Speech_Thesis/data/test_set/gcs_45_noisy/common_voice_de_17508203_noise_39857-5-3-0_snr-5.wav,gcs_45_noisy,-5.0,0.0,3.864,"Ich bin jetzt so lange in der Nähe, dass ich da auch in der Nähe bin.",-1.304307813229768,1.0,16.35645866394043,0.35581856277147844,0.5870041847229004
/home/marlow/Documents/GCS_Speech_Thesis/data/test_set/gcs_45_noisy/common_voice_de_19550651_noise_15544-5-0-3_snr-5.wav,gcs_45_noisy,-5.0,0.0,3.288,und zwar ein bis drei Rettel in die Zweite Linie.,-1.9763184256023831,0.8,417.6710510253906,0.48097729019242,0.23498648405075073
/home/marlow/Documents/GCS_Speech_Thesis/data/test_set/gcs_45_noisy/common_voice_de_26226006_noise_7965-3-16-0_snr10.wav,gcs_45_noisy,10.0,0.032,3.996,Ward und Dawkins heirateten später in den Jahr.,-0.7378411531448364,0.75,152.7987823486328,0.6433757351220383,0.08888393640518188
/home/marlow/Documents/GCS_Speech_Thesis/data/test_set/gcs_45_noisy/common_voice_de_32818705_noise_34871-3-9-0_snr15.wav,gcs_45_noisy,15.0,0.672,3.008,die Konzentration des intrinsischen Fakts.,-0.4549655199050903,0.4,79.15141296386719,0.9687598854979526,0.08583340048789978
/home/marlow/Documents/GCS_Speech_Thesis/data/test_set/gcs_45_noisy/common_voice_de_32818705_noise_34871-3-9-0_snr15.wav,gcs_45_noisy,15.0,3.072,4.64,durch im Margensaft.,-0.9164829254150391,0.6666666666666666,471.8265380859375,0.9019623800199859,0.03196282684803009
/home/marlow/Documents/GCS_Speech_Thesis/data/test_set/gcs_45_noisy/common_voice_de_32818705_noise_34871-3-9-0_snr15.wav,gcs_45_noisy,15.0,4.736,6.944,ist mitunter bis auf 0 reduziert.,-0.425513652463754,1.0,365.4330139160156,0.9795040833777275,0.04843266308307648
/home/marlow/Documents/GCS_Speech_Thesis/data/test_set/gcs_45_noisy/common_voice_de_37833576_noise_7965-3-16-0_snr10.wav,gcs_45_noisy,10.0,0.0,6.516,Dies filmiert uns zunächst als Pingouin Liquid Orchestra.,-0.7490267045795918,0.625,1130.3984375,0.6854090898922033,0.01973356306552887
/home/marlow/Documents/GCS_Speech_Thesis/data/test_set/gcs_45_noisy/common_voice_de_18793383_noise_34871-3-9-0_snr5.wav,gcs_45_noisy,5.0,0.0,3.552,Manchmal tätig gerne noch etwas kolonieren.,-0.7401357335703713,0.8333333333333334,3903.159912109375,0.5838434404543043,0.005056014750152826
/home/marlow/Documents/GCS_Speech_Thesis/data/test_set/gcs_45_noisy/common_voice_de_25995501_noise_39857-5-3-0_snr10.wav,gcs_45_noisy,10.0,0.032,4.896,Der Stoffen schlagt sich bis in den Taylor der Flüsse-Valencia und Jorgen.,-0.8752641550132206,0.6666666666666666,815.1246337890625,0.6634652053287841,0.054731786251068115
/home/marlow/Documents/GCS_Speech_Thesis/data/test_set/gcs_45_noisy/common_voice_de_27654422_noise_15544-5-0-3_snr5.wav,gcs_45_noisy,5.0,0.0,6.516,"Alle der Exekktionen wurden in Flanze übertragen, die meisten der Haingolkspräch.",-0.976989039352962,0.7272727272727273,1429.7542724609375,0.7696838015633379,0.1284787803888321
/home/marlow/Documents/GCS_Speech_Thesis/data/test_set/gcs_45_noisy/common_voice_de_41195788_noise_39857-5-3-0_snr0.wav,gcs_45_noisy,0.0,0.0,3.6,Der Zorn hat eine geschweifte Hauter.,-0.7808850891888142,0.6666666666666666,1328.018798828125,0.6079478272426445,0.11106859147548676
/home/marlow/Documents/GCS_Speech_Thesis/data/test_set/gcs_45_noisy/common_voice_de_40161068_noise_22973-3-0-0_snr-5.wav,gcs_45_noisy,-5.0,0.0,5.148,Sie wird gewisse Maßen und nichts heißer mit dem Fügel im Angestiel.,-0.7832052189370861,0.8333333333333334,1748.38427734375,0.6155904666056079,0.021929457783699036
/home/marlow/Documents/GCS_Speech_Thesis/data/test_set/gcs_45_noisy/common_voice_de_32864437_noise_6902-2-0-9_snr-5.wav,gcs_45_noisy,-5.0,0.0,4.104,Dadurch schauen wir viel Besatz mit dem Film ansehen.,-1.336161307990551,0.7777777777777778,1278.5469970703125,0.8449123690063639,0.11206422001123428
/home/marlow/Documents/GCS_Speech_Thesis/data/test_set/gcs_45_noisy/common_voice_de_19692738_noise_14772-7-0-0_snr0.wav,gcs_45_noisy,0.0,0.0,6.288,"Führ, schiede mit dem Leben,",-1.0975969433784485,0.8,286.28851318359375,0.2780459881491302,0.5056009888648987
/home/marlow/Documents/GCS_Speech_Thesis/data/test_set/gcs_45_noisy/common_voice_de_20288218_noise_7965-3-16-0_snr-5.wav,gcs_45_noisy,-5.0,0.0,5.808,Die 12 am Rasten im Kirch ist bis heute die beste Kirch in der Stadt.,-0.629773809151216,0.8,196.5038604736328,0.7018318834223984,0.07284487783908844
/home/marlow/Documents/GCS_Speech_Thesis/data/test_set/gcs_45_noisy/common_voice_de_18234182_noise_17486-3-1-0_snr0.wav,gcs_45_noisy,0.0,0.0,2.064,Der geht aufs Haus.,-1.0040660434299045,0.75,41.141746520996094,0.2998747101841638,0.11583252996206284
/home/marlow/Documents/GCS_Speech_Thesis/data/test_set/gcs_45_noisy/common_voice_de_18793156_noise_14772-7-0-0_snr-5.wav,gcs_45_noisy,-5.0,0.0,5.352,Das ist ein Auto.,-0.9726888103918596,0.75,25.419849395751953,0.16474475168866948,0.450627863407135
/home/marlow/Documents/GCS_Speech_Thesis/data/test_set/gcs_45_noisy/common_voice_de_20036670_noise_34871-3-9-0_snr5.wav,gcs_45_noisy,5.0,0.0,7.272,"Er besiegte dabei ein Waschau im Band am Gericht in Finnland,",-0.7988807246088981,0.7272727272727273,1673.29296875,0.8113592413926534,0.0020544056314975023
/home/marlow/Documents/GCS_Speech_Thesis/data/test_set/gcs_45_noisy/common_voice_de_19810260_noise_15544-5-0-3_snr-5.wav,gcs_45_noisy,-5.0,0.0,6.528,Aus nach seinem Weggang von Händers sind in die Prasso aus Glamour und Venture.,-1.0132317359630878,0.6428571428571429,1001.5643920898438,0.4271271118796351,0.04961713030934334
/home/marlow/Documents/GCS_Speech_Thesis/data/test_set/gcs_45_noisy/common_voice_de_41544567_noise_39857-5-3-0_snr5.wav,gcs_45_noisy,5.0,0.0,7.632,"Wir haben so eine Arbeit brought, erhet er den Lock-Pot-TD der Johns Hopkins University.",-1.0136344697740343,0.5,196.8074951171875,0.598817494010093,0.3222902715206146
/home/marlow/Documents/GCS_Speech_Thesis/data/test_set/gcs_45_noisy/common_voice_de_20430017_noise_6902-2-0-9_snr5.wav,gcs_45_noisy,5.0,0.0,5.832,Er sollte auf die Gebünsteramte Temperatur angestellt werden.,-0.5966632115213495,0.75,1627.690673828125,0.7333645874133735,0.034901730716228485
/home/marlow/Documents/GCS_Speech_Thesis/data/test_set/gcs_45_noisy/common_voice_de_17631761_noise_7965-3-16-0_snr-5.wav,gcs_45_noisy,-5.0,0.0,2.976,"Ich hab' das Gefühl, ich hab' das Gefühl.",-1.407860549290975,0.75,8.856301307678223,0.07887797106698316,0.3926151692867279
/home/marlow/Documents/GCS_Speech_Thesis/data/test_set/gcs_45_noisy/common_voice_de_38534807_noise_39857-5-3-0_snr15.wav,gcs_45_noisy,15.0,0.032,5.076,Dieser Schrein wird von den Shiiten als heilig betrachtet.,-0.34775823503732683,0.7777777777777778,27.9250545501709,0.6475196090336046,0.00860588625073433
/home/marlow/Documents/GCS_Speech_Thesis/data/test_set/gcs_45_noisy/common_voice_de_35328344_noise_7965-3-16-0_snr5.wav,gcs_45_noisy,5.0,0.0,4.248,Darin liegt die Lösung und nicht anderswo.,-0.43347168885744536,0.8571428571428571,91.72159576416016,0.6163018074567619,0.05087367817759514
/home/marlow/Documents/GCS_Speech_Thesis/data/test_set/gcs_45_noisy/common_voice_de_18203073_noise_39857-5-3-0_snr-5.wav,gcs_45_noisy,-5.0,0.0,3.744,Jetzt geht's hier hin.,-1.0855221467859604,0.75,22.180866241455078,0.21189259602409652,0.5902425050735474
/home/marlow/Documents/GCS_Speech_Thesis/data/test_set/gcs_45_noisy/common_voice_de_17404145_noise_39857-5-3-0_snr-5.wav,gcs_45_noisy,-5.0,0.0,6.384,"die Autor, die Frechleitung, die Frechleitung, die Frechleitung.",-1.2046191787719727,0.5,73.03131103515625,0.03676645849162014,0.41855356097221375
/home/marlow/Documents/GCS_Speech_Thesis/data/test_set/gcs_45_noisy/common_voice_de_18083943_noise_14772-7-0-0_snr10.wav,gcs_45_noisy,10.0,0.0,2.464,Das muss reichen.,-0.5931463986635208,1.0,36.268341064453125,0.29666366694682555,0.03593742102384567
/home/marlow/Documents/GCS_Speech_Thesis/data/test_set/gcs_45_noisy/common_voice_de_18070491_noise_15544-5-0-3_snr0.wav,gcs_45_noisy,0.0,0.0,2.208,Alle innen!,-1.0526062079838343,1.0,4729.6162109375,0.30032864212314936,0.0567474402487278
/home/marlow/Documents/GCS_Speech_Thesis/data/test_set/gcs_45_noisy/common_voice_de_24424256_noise_6902-2-0-9_snr0.wav,gcs_45_noisy,0.0,0.0,7.164,Diese Kleinholerliche Landwirtschaft könnte ohne um zur Unterstützung nicht weiter existieren.,-0.7076634258031845,0.7272727272727273,1494.4287109375,0.277153575839098,0.06036834791302681
/home/marlow/Documents/GCS_Speech_Thesis/data/test_set/gcs_45_noisy/common_voice_de_26009575_noise_34871-3-9-0_snr5.wav,gcs_45_noisy,5.0,0.0,5.472,"Ein zerbrochenes Schleppkuchen, die an einem Pfangenkuchen befestigt ist, könnte möglich sein.",-0.5271137177944183,0.8333333333333334,386.61297607421875,0.6916143033525509,0.008096067234873772
/home/marlow/Documents/GCS_Speech_Thesis/data/test_set/gcs_45_noisy/common_voice_de_35328344_noise_7965-3-16-0_snr-5.wav,gcs_45_noisy,-5.0,0.0,4.248,"Und da sind die Ideen so, ob wir es anders machen.",-1.1919066485236673,0.9090909090909091,46.19697570800781,0.7643467049513545,0.04664814844727516
/home/marlow/Documents/GCS_Speech_Thesis/data/test_set/gcs_45_noisy/common_voice_de_21349834_noise_6902-2-0-9_snr-5.wav,gcs_45_noisy,-5.0,0.0,6.984,Ich habe es nicht gemacht.,-0.9332601928710937,1.0,11.076007843017578,0.37027189299277113,0.4166918992996216
/home/marlow/Documents/GCS_Speech_Thesis/data/test_set/gcs_45_noisy/common_voice_de_28713125_noise_39857-5-3-0_snr15.wav,gcs_45_noisy,15.0,0.032,8.568,Die breiten gewundenen Früchte haben eine Menge und einen Durchmesser von einem Zentimeter.,-0.2765109729766846,0.7692307692307693,83.53787231445312,0.5850344091693719,0.01499338448047638
/home/marlow/Documents/GCS_Speech_Thesis/data/test_set/gcs_45_noisy/common_voice_de_20995915_noise_34871-3-9-0_snr15.wav,gcs_45_noisy,15.0,0.032,3.712,Auf der gegenüberliegenden Moselseite liegt Walwig.,-0.5956543754128849,0.6666666666666666,136.12255859375,0.8205189186818999,0.009312264621257782
/home/marlow/Documents/GCS_Speech_Thesis/data/test_set/gcs_45_noisy/common_voice_de_18873897_noise_22973-3-0-0_snr10.wav,gcs_45_noisy,10.0,0.064,3.48,"Diener lag an, ich würde mir da sagen.",-1.4899084885915121,0.875,238.49595642089844,0.4382850332830262,0.0964239165186882
/home/marlow/Documents/GCS_Speech_Thesis/data/test_set/gcs_45_noisy/common_voice_de_18644827_noise_22973-3-0-0_snr15.wav,gcs_45_noisy,15.0,0.448,2.88,Rude macht seine ersten Versuchung mit der Blockflöte.,-0.6219755080011156,0.625,326.0961608886719,0.8218650262382365,0.19341392815113068
/home/marlow/Documents/GCS_Speech_Thesis/data/test_set/gcs_45_noisy/common_voice_de_18644827_noise_22973-3-0-0_snr15.wav,gcs_45_noisy,15.0,3.008,4.832,und alle anderen halten sie stören zu.,-0.6063138395547867,1.0,719.2115478515625,0.8973695437113444,0.018223734572529793
/home/marlow/Documents/GCS_Speech_Thesis/data/test_set/gcs_45_noisy/common_voice_de_18375683_noise_17486-3-1-0_snr10.wav,gcs_45_noisy,10.0,1.088,4.056,Cairo ist die Hauptstadt von Egypten.,-0.5397594341864953,0.5,24.38484001159668,0.6020022994908755,0.023757226765155792
/home/marlow/Documents/GCS_Speech_Thesis/data/test_set/gcs_45_noisy/common_voice_de_27994620_noise_6902-2-0-9_snr-5.wav,gcs_45_noisy,-5.0,0.0,5.076,"Ich komme mal an, wenn sich die Schuhe verhindern muss.",-1.4766181770123934,0.9,306.17706298828125,0.40818005216852676,0.30681082606315613
/home/marlow/Documents/GCS_Speech_Thesis/data/test_set/gcs_45_noisy/common_voice_de_17722131_noise_14772-7-0-0_snr-5.wav,gcs_45_noisy,-5.0,0.0,2.808,Das ist ein schönes Gefühl.,-1.4253770470619203,0.8,11.821133613586426,0.013047627152032377,0.576499879360199
